0.059011450484615785
0.054414704145569655
0.06588315735489819
0.047354278227450614
0.038866651470990235
0.05690945283648001
0.05095975685444459
0.058683119499260694
0.046477671725967576
0.07248278117872703
0.06106511830031354
0.05100860063553222
0.06839740105100649
0.07119436820994385
0.07978073715529266
0.04542160307321267
0.040542124945780196
0.05747541294165945
0.03963040060990721
0.06108032911716111
0.058426707129143524
0.045530403269142365
0.04147314861740659
0.07757113329435927
0.05601764225639081
0.08339642363465509
0.0608824848110579
0.0746351233458804
0.059988356353476324
0.06600040074543272
0.0376547407193676
0.07434653484390061
0.04543182250614927
0.035282568025335165
0.057649955142916265
0.04986293130231158
0.0569884054064336
0.060303818564687854
0.06412623461876571
0.054634877098969054
0.07374496613666066
0.0499035040667249
0.0388232459952942
0.0629900903947879
0.045548210214676275
0.04576528506790703
0.04918292300164938
0.07261158527308526
0.05590585694085516
0.06339891884041904
0.07592617033380845
0.06904780920588148
0.05835277808197568
0.05272914859618525
0.06567536117382825
0.0732106550336018
0.05984542912593684
0.06836916687427291
0.05366914640575223
0.053929713598968296
0.08006311631626761
0.04444962073015362
0.0765439533389185
0.0574512367473276
0.06978124293398658
0.0746436020748635
0.06706617699139616
0.05356426054507979
0.06989936258518394
0.04137899584854146
0.052474557896312786
0.08129685284235545
0.0612249831422299
0.06280529957433174
0.05640912180053038
0.06497809889450318
0.0609724287568319
0.044171552208124146
0.05118161994908646
0.06562889670957106
0.039216111010793774
0.057806542193590486
0.050279639336444054
0.06278346584422687
0.0616019718095947
0.07718458416133601
0.052714671447774725
0.05832751695161644
0.04378171208675748
0.05190930555900484
0.059183315418286545
0.10191931392674188
0.06294527223639297
0.07124814118017149
0.09182287813114533
0.08020766581953931
0.05982832094227046
0.08891547133604423
0.051261911023216325
0.05413016933128043
0.06261949121463357
0.05191447369307887
0.04609195895984621
0.04421907832280015
0.06812927405764613
0.05787143365993248
0.0637868979301845
0.07128744891237489
0.06214364296556418
0.042759413655078966
0.050740732847981064
0.06120711920597791
0.06350752446010359
0.057824820428054736
0.07111102828548732
0.037787643111772504
0.038592665382084175
0.059165135688404084
0.05144034376035039
0.05546000560421748
0.05848330585967091
0.061824894089661915
0.07206576949463678
0.05993924457532839
0.06638287824753479
0.0342960714671824
0.05013493622499629
0.045232040158265714
0.038984471469328395
0.04641388780279177
0.05372968883917953
0.048101139925986594
0.05434977329622909
0.041847202796655915
0.041315923485909734
0.061620549930086074
0.07088217787913541
0.053131307176066025
0.06328967155525117
0.0407782962030194
0.06763528522737497
0.028550067633141066
0.05624852960356878
0.05523151248430905
0.06724578411945022
0.046793900916397894
0.05967799342320867
0.054988961477491785
0.06201070384786417
0.0663673362846401
0.05909594193888296
0.06387122789595832
0.05435483688323662
0.06178488396936925
0.04654930957665514
0.05423739838159685
0.03630727932503369
0.04449946268763843
0.05873894531541006
0.05017408245460452
0.06829020764069728
0.06653670316004626
0.05222296003168083
0.07195080851560476
0.06719900309732549
0.0690237682249871
0.06196782501052351
0.039241879712724706
0.04476609280656725
0.06210051807886317
0.03688182045271965
0.05591351876438111
0.05787785380831313
0.11007778175232419
0.10556247070670838
0.08685799909806192
0.08558905512864319
0.07805903907284012
0.07635746503543599
0.07492738990050925
0.07318790520600908
0.06514528820115097
0.055426525076783854
0.05899224760768091
0.07565582788236688
0.07345184989239413
0.07018008659498838
0.06366473032187138
0.06269625221546406
0.05051879517019198
0.05122919008965924
0.0685363315017364
0.07646975722019755
0.057580879465348754
0.06481878084141907
0.056832238998750645
0.04242740418043121
0.05212882997658784
0.05025464632698952
0.047702803168715883
0.022477460796397453
0.034706625013346606
0.012582599308523257
0.02619799590375251
0.020836949206519434
0.045318876206414165
0.032853074413364686
0.05511221131189553
0.03292488315808099
0.05714911199600879
0.02010024909759655
0.044890037619334154
0.025489507859864455
0.05079493836294201
0.03337505432376038
0.0347332864282178
0.020477774936623547
0.04269401328934986
0.025224279580587324
0.05129075988303579
0.051416727172635575
0.04342538752549796
0.054694906140472364
0.06122360343440804
0.041628495614626025
0.06076301235766052
0.05028134710052894
0.04702035655160307
0.050396064097570546
0.05612543758715704
0.06235031010088553
0.06393189589162475
0.04771767131490872
0.04064924967562117
0.03730173208346085
0.04920720553059495
0.05714432302859374
0.05271459674938642
0.0551470640611108
0.044945071423540525
0.042912819002396116
0.03374116983906137
0.06655310086574939
0.04484700985546738
0.049676277902542657
0.06356333220917179
0.030045066786501345
0.04470652989698742
0.04571899884288226
0.04004735307949809
0.05417452666515667
0.0558011951673696
0.0654951038081909
0.06754556740314949
0.06927895860322497
0.047058858484602936
0.04148276747530404
0.06504187791751272
0.03841646922734902
0.051320660556459
0.054407540145262105
0.0520495570800665
0.05573453343632427
0.03013414742552259
0.04289618576493491
0.049787984482252766
0.06490397528433968
0.059333016668225956
0.08396652702021581
0.08979055804576684
0.05568162573644954
0.03411189594523889
0.0435140102894793
0.05301155968912757
0.023133728297797355
0.06595508232380413
0.08005526344166895
0.06643104450744289
0.07096033667279897
0.06708924648323865
0.046469375607371334
0.06461434914643753
0.04853092952525417
0.09043924943673823
0.06559130648563413
0.054846174139072876
0.04848906800732828
0.05323696567245069
0.05122122243963279
0.06813769666149107
0.055006794642250535
0.05127815097357829
0.09377500662404353
0.0576509203888237
0.06679171793173042
0.08142338956418488
0.06951501696937623
0.06947853627262422
0.0651796683881766
0.06538033154411779
0.06640042538399023
0.061279867881221875
0.0530325973062577
0.08219804476100412
0.05913787677605874
0.08026619466625032
0.06703719411226532
0.05888028534553621
0.050419919164594075
0.05665090062402293
0.05506823999447036
0.05409277498341167
0.05262539983509616
0.05056606633732299
0.04798389361157361
0.042926667310474446
0.040237244827698214
0.039129546706718685
0.03690885656050293
0.0342412113635816
0.03093559997574449
0.028601131505772894
0.02559963200864443
0.021613584391905905
0.03149391938280739
0.041019282918743225
0.047837011207968815
0.06442960272135892
0.1051733248996287
0.1236120523685984
0.10480638316838589
0.10308814380232383
0.10064999234604205
0.10009780268975305
0.10621358933885067
0.0990451298160053
0.07944460351331645
0.08412452210672433
0.09813575097843559
0.09730630859099634
0.09299956710274544
0.09334857318089172
0.09101609261141866
0.09561766791285681
0.09608562003913328
0.07238034839263587
0.07801096527752421
0.06961743518846829
0.06406413479004272
0.07568812011130659
0.10403956306381233
0.08873939210705983
0.07064412405804171
0.0881411866925299
0.09298855025671797
0.07499178303526291
0.08667938195957534
0.08480952636046442
0.08031190725657694
0.08840559242775077
0.08258485609003334
0.05719220435604846
0.07240830304776369
0.05405458566266402
0.07967111524291082
0.0880995229376942
0.07624248311499701
0.05848919675498752
0.05239682526922541
0.06328835523996383
0.05760222800332841
0.05930425667328975
0.062304137284755534
0.06007485384055266
0.0640782916910928
0.051911514130433684
0.0414060810457496
0.04935817251405602
0.07021115199286194
0.07695072331642865
0.07862545305712113
0.0839678401768619
0.062371670401338924
0.0404728900992562
0.060428062991069974
0.05822955798246312
0.06694864562743721
0.052657933483120874
0.058033112939245075
0.06304004071596149
0.08610417394382745
0.06832504178556824
0.03501221798378375
0.05123219006871012
0.058691372442925625
0.06315599187062491
0.04963513864473689
0.059702903895996653
0.0499989562679261
0.04805206223108615
0.053133886643788014
0.05845364884128002
0.07994061963285114
0.0837711599192052
0.041015846896643685
0.035392032373622984
0.04127357360541221
0.03164029561016798
0.031149238219597662
0.03921141087612252
0.05656322096481705
0.04908255790558148
0.044318520756238995
0.04438941354452355
0.029400794839742988
0.060688370057902084
0.03766708032679639
0.03628859134779288
0.041671756976230885
0.043425850324299485
0.04250194424676502
0.06590818150168978
0.2183266725320035
0.09060762581268796
0.08019025728587652
0.07168873949579328
0.0919438727829474
0.09804112931070554
0.09685844608645075
0.11123830636902285
0.1206538429020366
0.10958893298723234
0.09554650373491547
0.0918940245547417
0.09212401756300012
0.07307531373484948
0.04820515897031875
0.08441447334552248
0.04964684652738472
0.0310928311390473
0.022338693964325623
0.025151620654571685
0.031489572011948644
0.06178343766627093
0.06781607562708632
0.07538390465795933
0.0381343645327067
0.028707413797843796
0.023775744301322094
0.03188577690982541
0.01924744960375389
0.037353861655257295
0.03248964908416723
0.03202164303888316
0.02357166354635299
0.019239090612083568
0.021650441735310885
0.018644391785321103
0.019712565198082656
0.018787387331721275
0.018564881282132694
0.018302805107128336
0.025332998785163492
0.019099542320856634
0.03447615452835977
0.03369179441793753
0.02594084214116939
0.01919233071884776
0.019164657792264433
0.019030561583982284
0.01905402138181076
0.01886429166157179
0.03272605266707594
0.05273715695422116
0.043492853602406796
0.055399762395805754
0.049823458520622844
0.04458306932959095
0.030979181374703665
0.03883568200674863
0.05010898079108688
0.05590882873920434
0.05648117216480199
0.049232627792133075
0.05166641067357616
0.056813922104298496
0.05618954699923503
0.061416438453390315
0.0729424081909926
0.04809462047269414
0.05553277779634209
0.07355218344663841
0.06324671992850173
0.04004408683251909
0.06999874945430438
0.04711880563852951
0.04653128225300156
0.05135954247926935
0.07913713260142441
0.05670881687719465
0.03958385283414529
0.03443821868108517
0.05054412668961805
0.041638103626678594
0.05460624527545031
0.03300458708141957
0.04081680330009834
0.05338361617481955
0.0632212720036243
0.04820914274077531
0.045989438557361303
0.051701337849507846
0.061173242553374634
0.04660847162322688
0.05115985854575405
0.04729436092508259
0.05754126309976539
0.06490828782208513
0.12404270314382469
0.048498002539128095
0.03717295459178585
0.030265206155084053
0.03001171303659511
0.028568406607795208
0.04183773392123667
0.037465851732695676
0.06559224117443394
0.07992778279675714
0.08450007508448296
0.06315458402515894
0.10039183586166404
0.07805905306284307
0.049732777256990074
0.05124794590891959
0.05644010697815162
0.03542509759040301
0.09191254837959274
0.10488002051512642
0.09292616557667217
0.07740813732256091
0.07433831053842312
0.06452600103397146
0.08092967148524845
0.09041776538524136
0.08951609186054908
0.07884922614463362
0.056428832487965326
0.056382803888539175
0.07067919397090991
0.05781328402367962
0.05479092265552981
0.05401986423977478
0.05327206055785016
0.051791179456277876
0.05040936768716152
0.05929392056676744
0.04498610023116042
0.042958020193272446
0.041779465348395904
0.04101936406998078
0.04141556422365391
0.04096782141402041
0.04084458078315596
0.04073166463741495
0.04055882355890712
0.03892373816877631
0.04673665068339731
0.05263600209830342
0.05291309069447269
0.04552546487168372
0.04380515209799968
0.04088210341595651
0.05497658678430304
0.050980642754025855
0.05159592500079356
0.05232200399079499
0.040105114320800335
0.05254667586285507
0.045946932449619206
0.052401663790946997
0.05018501142788236
0.04141408417502654
0.051838397748993306
0.050263093173599616
0.052035928498851074
0.045818716206078185
0.054158091375624016
0.04868151849284219
0.05157053091374196
