0.024375461828229927
0.05084456537845714
0.019810622372886794
0.03668926329601347
0.022337468490890824
0.011402127075271214
0.007987754390247535
0.037489428445394636
0.05295725046792694
0.0525645520253276
0.0011756028136838358
0.01302172517292839
0.03758297646457517
0.02658404989420162
0.016548865295829707
0.0670400217108883
0.037448933957467435
0.02900755627081839
0.02090205894697149
0.020827463581432604
0.09936097723878505
0.06448586936054379
0.17108190424067515
0.13817988063355147
0.051356117970892526
0.0539718163163826
0.06884151108027509
0.010387741159308073
0.02002269286361277
0.024856940238192828
0.0076124017542454694
0.014121257181243851
0.025510138306981844
0.007228300900925468
0.04694581038651346
0.02637519530185356
0.050800781136656044
0.03557756554580018
0.0015541100882325164
0.003594808730836303
0.0076440135279499215
0.002542808127347993
0.0015931645739287988
0.02919634928548156
0.03779184395294278
0.03631140566369682
0.019955147994003664
0.004207212369602523
0.02796456934642859
0.03066931468815809
0.015352442588272747
0.009367034171291488
0.06991363427918647
0.10504726729532739
0.1426999165431942
0.031375620895157344
0.010591925040817643
0.06780666320087846
0.04107752174681126
0.09233477348542715
0.057826935142466784
0.10417243301013647
0.1296047082566926
0.07423731762496492
0.09352928792064329
0.06302852636675811
0.04864241788476731
0.03950680323769839
0.09229726083686066
0.09677669954838589
0.161861546966277
0.06494957852308088
0.12530962273310287
0.0934804263559187
0.12966016254064364
0.08467154153152899
0.10332959623491694
0.1456459525317827
0.0867114430185145
0.10130080540473713
0.032814302268426826
0.0661524141857102
0.05903963749594761
0.12106498637505055
0.10337404416982003
0.09741534839719596
0.18175030850212656
0.2790793300657861
0.295372205762696
0.38514344726943217
0.3134302278458305
0.41088477522802436
0.4005012793785664
0.17762466902084523
0.041979819004407816
0.0452280518271238
0.02036629864257187
0.02046579582552862
0.020469422364168974
0.026179952512900475
0.02338941448082584
0.02376153147390077
0.11983980161541286
0.18556731365821696
0.13620337380705838
0.1344974148417592
0.1447969468615234
0.042643047809234155
0.08243430043271884
0.07484534530251512
0.05835107185171632
0.07478388209869441
0.059492687274823784
0.06268003630753702
0.07704441311619928
0.3546123423412245
0.2757062114191666
0.03051818326084847
0.06995066941308216
0.06810133355315003
0.07647154323212457
0.058286591001605055
0.04263882198001088
0.02080636453359815
0.01938100038481132
0.02807786049188325
0.019334022828338352
0.2119341816221775
0.3869524244880061
0.40439544788330356
0.4224464517802821
0.37192675431213146
0.3119334184376824
0.03617892915120955
0.0299010720816128
0.014504524401201471
0.014319757877122499
0.014145611206657919
0.018887156947552206
0.11975506932444482
0.2742621161340083
0.19298583240506462
0.03060400112788268
0.06975684339137059
0.038437650237398896
0.033483882011359184
0.050187076226281234
0.05268188262496308
0.048754823347214336
0.034112487491584326
0.06446251783526889
0.03302680298030419
0.025933622983199577
0.03715740701256462
0.04624634617163349
0.04539127898105288
0.056051395367543895
0.05610072480892699
0.06023244617647466
0.0569894193706739
0.053879149150223245
0.050855316530381854
0.06186272791149369
0.04697974745385315
0.060447075714673365
0.05981525985575584
0.05312959498902308
0.0428498957566025
0.07073074903339964
0.07444741257396599
0.09447440237717604
0.04899005145100897
