0.002234290939952215
0.06530483508039912
0.05512163900601098
0.021363414456281444
0.010384697479214684
0.012778900695405028
0.025020088497710744
0.03611327594898707
0.0527234186423963
0.035635131539765226
0.01394044969745297
0.03726104322257029
0.09168381432334896
0.062001636779575556
0.0073454647127360224
0.22931966402774984
0.21145931612239266
0.0013690798377700233
0.042004703996087675
0.044908202631569825
0.03811422896023617
0.04485569325652241
0.0663202094848067
0.08215094755456473
0.08581310333494466
0.08551168995721826
0.08557221900472978
0.09731107926541023
0.09541175463165215
0.1217150719147454
0.04550800389664378
0.05287282427334991
0.057767672644534744
0.0637880290877459
0.04960170990409802
0.06301762325646847
0.0716324018224071
0.059357692914854265
0.007076542361521095
0.0038373464175134814
0.0903187866592062
0.0777757262694507
0.09215547566904135
0.08929117581399128
0.08829213155172466
0.08772853585798446
0.07240974379371652
0.09443635669947013
0.0009542006944733765
0.0
0.0
0.0069670283188932435
0.0029419122027875937
0.0742338349670778
0.10139801460012102
0.0577547207878758
0.06210303887409438
0.057681409561205245
0.031185851351396714
0.03413291767143681
0.0
0.05683136899045908
0.09064408704231525
0.06780479988285831
0.04955743431318875
0.04640298355117907
0.047547949985753346
0.13582301365227784
0.055561564778623874
0.05199961483473458
0.0
0.0374626468308534
0.031578851097267234
0.053521390701746906
0.047974370718919676
0.0
0.09137388557082687
0.16309134881685147
0.03637973241398559
0.04115643044279076
0.02299113090520153
0.03189866271326935
0.01491204799649773
0.0077748243718094665
0.0006277268581281474
0.06973710709489624
0.05761313137035438
0.054752868614911736
0.023986995677590942
0.01957179859317024
0.06494932125027557
0.07008310348545958
0.055488040606926796
0.06185705906701893
0.09322434974982215
0.06196555274414803
0.05531257894140069
0.03862421110762268
0.02590793363998791
0.07277484516691608
0.02882616315453581
0.024699203272110764
0.015873055639668357
0.0
0.029008520438189703
0.0807551185180408
0.005589447174826923
0.0007976367842802555
0.11226692110204288
0.10724434171365639
0.02177379403733334
0.005496198229415845
0.0
0.0011295316522601337
0.00031250000000000006
0.041279937701804686
0.0053291955455541835
0.0436484360717836
0.06729828008408233
0.06255543719682402
0.06910193679659472
0.08099202752050805
0.08307282218224483
0.0836737422541278
0.083169695748529
0.0843051445473087
0.08465389791806599
0.08407146510830915
0.08404997788220864
0.08433654076933828
0.08431945792225982
0.08410763415666357
0.08411380781860772
0.08390397199713069
0.08406937360398171
0.08424730478237918
0.08429633731326976
0.08381824664009419
0.08369891639150245
0.08351084927944291
0.08267255955505214
0.08274701957261953
0.08276668210562717
0.08269154565579567
0.08279263950429269
0.08393276081788345
0.06771855701713259
0.0664286553788257
0.07640618902004988
0.0832306745744043
0.08339159356947806
0.06510325896313093
0.0625838703975878
0.08344141030085808
0.08300334956626182
0.08316699588846638
0.082399410257374
0.08293173491762534
0.08273354097902891
0.08204312635527478
0.08262907830882675
0.08257681985504352
0.08244310537648553
0.08233439389967269
0.08316804720376836
0.07713664108168185
0.06330858726451613
0.06429525045718094
0.0638152350565652
0.04388614829131112
0.059695185550068815
0.022858004037491112
0.02215592969565456
0.024087698956664762
0.05583354079791155
0.07164060767461268
0.08521342443692305
0.06263721002148087
0.08513809283919721
0.060406668091558195
0.049516185171604395
0.0738131116350809
0.05727995810860007
0.028046220413400068
0.046220407578594656
0.037222719194209136
0.021388867180785903
0.027082020655974016
0.01301689789615452
0.021354914864016184
0.025943279707097824
0.06473668602883116
0.08304165099544761
0.07373791672955238
0.061276986760524635
0.06559088342813749
0.0
0.03836460176295635
0.07343053920286376
0.0008768291223850702
0.025390477304151827
0.15194694137099388
0.13910622037541961
0.1343290235010768
0.09411631411829322
0.08973705216898815
0.08642697886391965
0.018361125472035604
0.00889176284758462
0.03458191800964714
0.01849393578287426
0.013433917594328154
0.0
0.0
0.0
0.023391464171495686
0.0
0.02982278984494837
0.028984045660525933
0.0
0.0024220113646374135
0.02682011768550881
0.026944400789771627
0.02494456689813957
0.0
0.006600959925343218
0.0848220764665206
0.01189200121966499
0.0006386273386534682
0.005632234330529367
0.008630503136282979
0.03952298132840091
0.014907211171245311
0.01499521371781785
0.007742638758563068
0.032482056261457705
0.05291470826952686
0.05174343177570755
0.04099708540125374
0.04119218209143041
0.041953452800714885
0.042940387295213496
0.04338340193344354
0.043588894925212854
0.043134830181373346
0.042914877320298875
0.042982615724907094
0.043302094892792686
0.04292319781286114
0.04277377321458764
0.042583406307407916
0.042300707676751766
0.04228468254197742
0.04241277131657583
0.04246895799462424
0.04218750000000002
0.042193386397232996
0.04224887083983259
0.04218143626298218
0.041565911952740196
0.049455797752794545
0.041863698855154
0.04197233825515043
0.04218750000000001
0.04209283148196136
0.04196364346498605
0.04196428668442027
0.04193496987427342
0.04198922633313231
0.04281539882185522
0.044027601486425025
0.04217232505446938
0.04422471013588187
0.04284157961871077
0.04226134641815397
0.04205668085175228
0.04223062879470554
0.04218750000000001
0.042261071389220986
0.042617783914112126
0.04278210468833387
0.04283365638206701
0.042720696815677535
0.042827372574844494
0.042859946078947206
0.04302445950365714
0.04245359774426448
0.04246965301652839
0.04237176454475795
0.04239074447406124
0.04251893755977145
0.04313274565530873
0.04305667431005524
0.0434043141295052
0.04358100647719317
0.04394317982008093
0.04431133504783444
0.04271663555352515
0.023631312492521078
0.04161200592916102
0.04272306358089196
0.030785043082966992
0.055644295533717525
0.050977053389758616
0.046980420194707266
0.05517362919167487
0.05192548864771155
0.05915864492356739
0.03539961283843487
0.042602545050960644
0.043073062272270195
0.043465953588175024
0.03533486782866591
0.027401505934421394
0.03198103014776703
0.04051877050301354
0.03853810416997111
0.04557969759904591
0.03926572791228131
0.021179478569701714
0.01727856015802516
0.02468867157336251
0.028131761933686054
0.04938588981025072
0.04277315890437854
0.041230299372259104
0.048279611877525004
0.023717396169268164
0.019754523804831097
0.026011837201474847
0.0
0.002385896951982724
0.0079937406779882
0.0003391616117380742
0.009945902788450017
0.021050986126960696
0.019003384895056465
0.0
0.006556732073701792
0.0
0.0
0.0
0.0
0.0
0.0
0.0
0.010605144449438358
0.04660169461400876
0.04761762734700994
0.06258706257977947
0.05824816312277722
0.020778364017642412
0.05710246582114415
0.07041410704908076
0.07949089878409493
0.0
0.0
0.0
0.0
0.00463795223540375
0.07174268359894552
0.07392329166298871
0.08663697741187969
0.06250114371373375
0.07258307567579296
0.0036757900933385296
0.048982300886398406
0.0
0.02211489418392458
0.0
0.0
0.01893133557488589
0.039802321456715785
0.020143249880151443
0.01847543493453213
0.019635499239316442
0.01996540099926091
0.02061535295730056
0.020758251425986054
0.02090502315677902
0.02091167216641825
0.020995600707689164
0.03996569368046214
0.051555233083964765
0.050778595341763884
0.05572209607081129
0.06223143608532193
0.04264309086017678
0.04286620979891102
0.04251188144241817
0.05047277325368256
0.0429013349904785
0.05055093256146216
0.0428674434637217
0.04283452567997319
0.04292818893141079
0.04298044394653711
0.043362210947520574
0.04313723770071898
0.043421521105160614
0.043360895141443895
0.0587153657089562
0.044533901864252996
0.06450917420135352
0.07822456733568932
0.06471535273480446
0.06488369953168656
0.07136358189315836
0.06487122197998423
0.07237102745885526
0.08465148740233948
0.0845104177076723
0.08505784157172655
0.08491402133505879
0.07002489624699541
0.08418902815571554
0.08432600245662966
0.0844635043807652
0.08455612372305317
0.08498637925212518
0.08533016976731646
0.07324831110349084
0.08528459415396404
0.08493040023756122
0.07936159492452036
0.08401294916196522
0.08383880195980992
0.0747678689700534
0.06938312493654664
0.08415558545965476
0.08411831114970954
0.08464611318619034
0.0846413304067408
0.08003081662384696
0.042504623073174375
0.04802551386415029
0.043161980094429356
0.04277381081278503
0.06447020970391955
0.043780147283201454
0.025891157689321088
0.02127105208276774
0.021727694471693634
0.03624177726436357
0.03772533458941771
0.043412898963513004
0.04329684483725032
0.06371124830343997
0.04679791020124344
0.04251468455084995
0.041851618837757454
0.0616714687683904
0.04613275199442227
0.020535212736143293
0.02113572058485835
0.021008513844862124
0.020683442494922776
0.020481909080631796
0.02071479856569044
0.020641951083362243
0.02094723357316115
0.020801339726338217
0.02469364521086361
0.04618230902851411
0.01491567844041574
0.0259292491251266
0.011690907058287738
0.058418158495548524
0.0428100287251983
0.0235681493668252
0.03364030813536869
0.007188136001539872
0.03275715787492499
0.021818002451840905
0.038211390322267974
0.03398655664834561
0.023112073525639987
0.022598547968159275
0.016687040059182652
0.0012913275211353151
0.003973121595860984
0.04597985056332084
0.030219769155788875
0.0
0.03630347528964471
0.04066805955945488
0.12246270353744715
0.020598109484659448
0.0
0.027640150110512764
0.01985085144278605
0.0
0.0
0.0
0.0
0.0
0.11693415682596188
0.010685952077434337
0.017821285478061184
0.09099519913088593
0.1456360830971927
0.020286141420745925
0.04823579664352719
0.027034495990805263
0.019769191833137214
0.01889765945309917
0.01926802485980493
0.019560695113105035
0.022533762404170588
0.02152807850302311
0.02074909210835438
0.02084484330956174
0.020511804608688074
0.020841402277682462
0.020975510848583966
0.03483222479913155
0.04214631523554175
0.041690072943689115
0.04180109519290952
0.04209848899705675
0.04153964991561414
0.041783509198640434
0.04184657202582929
0.04180633786238492
0.04208202945930283
0.04208512729690083
0.05762920661735442
0.057551099969665565
0.048121432639231555
0.04247401686484572
0.04279840833834938
0.04271235469507025
0.042429980391435064
0.04222999728913695
0.04250402786096948
0.042309808389603125
0.04227040676249969
0.0421875
0.06259366660083697
0.06299423901014557
0.047873039245702076
0.04410228369009008
0.06056796887912076
0.052278004876013154
0.052355465193861264
0.04205024524959018
0.042082384522141796
0.04199009238830999
0.042192781357300084
0.04613384628996912
0.06773939105743486
0.06044970868124054
0.051893970851093436
0.05872099374733567
0.044397609453233115
0.020886040042722615
0.02088461416925782
0.020820913278403408
0.020810635725659544
0.020812220078771267
0.020737721356589037
0.03592224028285039
0.04018116501086395
0.0205534643463148
0.021474647884984422
0.021406781724685436
0.02175180623773254
0.022106994933533353
0.02099391192406492
0.021391352511568415
0.02199978466174892
0.022193771673780303
0.020206312117018232
0.021203091907203542
0.02113506857395873
0.028863403193604784
0.06767872711706109
0.022114957281341188
0.02121211844008466
0.020727203077896772
0.03104282834711327
0.0008841788502557469
0.015691060505131332
0.03947837988548578
0.026978884239551998
0.020720042611345316
0.022679316056975492
0.07839013556122243
0.09658020661877362
0.021384422726411192
0.022466306511598755
0.021058746176781912
0.027466284967678844
0.07055884574388796
0.028766141282379747
0.014843533905731465
0.02408198262017606
0.13124022796673232
0.08013334197749013
0.010980232310002704
0.05107841298184952
0.06589227562671952
0.04117679464407186
0.013469477546067246
0.030860726490289273
0.06919402760086436
0.09327500107502038
0.0
0.0
0.000868695136878297
0.04030099935355745
0.07652536541864359
0.08852418690514391
0.09315264879098435
0.1331276358237448
0.07453034853282853
0.09577684395475945
0.04859744054998404
0.038808563785486
0.020887289047504608
0.021606709877848542
0.02110382736316027
0.020737721356589037
0.020812125093472286
0.020942417864621227
0.020930044587950572
0.020926182265102893
0.020814053697245396
0.020956691882577087
0.02107232541378548
0.02109375
0.021074823264041757
0.021093750000000005
0.0211029550357216
0.021149282880343057
0.021174625580507596
0.021149282880343054
0.021083480801973063
0.021199657205015186
0.02107724907532235
0.021093749999999998
0.021086689404470022
0.02110457061220808
0.021093750000000005
0.02109122638672703
0.02109375
0.022405315819083237
0.029990844154470484
0.03633822475576394
0.04960260074752033
0.022558370807460638
0.02109375
0.020980981305908697
0.021131377101643357
0.021137580162657432
0.02111681056863815
0.021275459593021216
0.02130591267605335
0.021350367768737236
0.021214066349365228
0.03051385145855762
0.03116434575772787
0.048572513049249824
0.02847696138650773
0.021192955420560735
0.021190937482485957
0.025350642140345356
0.048156293855054814
0.02370197070575398
0.04197790222014474
0.04190797772171419
0.041693971325691914
0.04154959826196223
0.04198731398189641
0.0492597266859875
0.0246734261011011
0.020661881786140066
0.020644845599505093
0.020982274201026246
0.021025094947908135
0.0209043535916428
0.03143996366406881
0.020916738445409883
0.02090227300781602
0.021182567348339492
0.021338183448506125
0.021119773472863413
0.021457480748916423
0.021800110966476622
0.02212925930119037
0.022464853574104493
0.02704718265852605
0.02182392218464434
0.021940927347439923
0.02138370288369668
0.02122697728929463
0.02173875176669697
0.02136405541412479
0.02143004355575367
0.021500279319988533
0.021754318246091576
0.021408554731352843
0.021370437248383726
0.021345860752692524
0.02124769515081854
0.021590861410778928
0.02127336621750681
0.021353267167711444
0.02116213767731066
0.021230358895536146
0.02127306284862748
0.0212705000355046
0.021196125988571284
0.02138513057822453
0.021193038797459606
0.021221126273797318
0.02118366656515005
0.02138566919023946
0.021235503714869503
0.021367379020039202
0.02138966654077508
0.02154786432621773
0.02141319557143713
0.02123076321148526
0.024105066998568167
0.022122029890373207
0.050753006577894805
0.05939000078601836
0.021109994297431954
0.023008323932804817
0.031590849683152074
0.01687116463401103
0.029359096539239717
0.03935063754118979
0.025023589408672147
0.039040416027974964
0.036348878757953174
0.04090179801940868
0.02159618051356528
0.022878487347523083
0.02774290156265442
0.028611886355282386
0.02101637209418296
0.0
0.0
0.002487715694894314
0.10695620263021963
0.02213821421645427
0.020490311032382656
0.018732912035349783
0.01914047659828398
0.019766770132959837
0.030388287124033204
0.020562653664799035
0.02083163682471955
0.0210097243737159
0.021214617618911098
0.021238451767820923
0.021391876897571327
0.021755219788656313
0.021492758178117112
0.021458196605407112
0.021401059202417208
0.02128147172759435
0.0216159561028777
0.021159162240350377
0.02101821010014143
0.02095438699480096
0.02102967089506472
0.021023966144272637
0.021129959489715404
0.021205151184567225
0.021194497469462895
0.021142502950053002
0.02129204179372916
0.021158083799341622
0.021073286488583618
0.021093750000000005
0.021498784117674422
0.031204474379349346
0.0210507477207182
0.02106326818176715
0.021160455664253106
0.0210677265271366
0.024748672993124127
0.03215963503805276
0.03625854829409827
0.04163201339620897
0.022984346030858464
0.027598918165193352
0.042562985316542803
0.03483534125971478
0.042829652440301784
0.04276492600555923
0.035827208489522706
0.042813330645495376
0.04288204461997711
0.042640256547176514
0.042634408685830426
0.04278134680068723
0.043022429524779075
0.043474936861223834
0.02743062783798079
0.021356711323685322
0.021267216336666197
0.021753576049499172
0.021493997402787363
0.021516904179294694
0.021591459387816325
0.02217667056742443
0.021488610401351034
0.021396588826574373
0.02158827073594781
0.021376208130077318
0.02115707017595885
0.021443806488869628
0.021208687953270428
0.02110736159991503
0.02168044955286713
0.02172994284519905
0.021262993453961883
0.021565957393075732
0.021919488597165415
0.021553094550819666
0.022717477730889557
0.03855352968038724
0.021343884124570965
0.021460850235994765
0.021549032793800414
0.02190198610800946
0.021650105742724274
0.021326347290318397
0.02147667109592391
0.02183592490776487
0.04137734285571524
0.032303933999727114
0.021199081475158654
0.044290150472627056
0.03793850438406556
0.03662955967962602
0.029132682317206143
0.0
0.0
0.0
0.015551546703108484
0.006990391696651234
0.0
0.04717756997788211
0.08363207743722957
0.023802741571566526
0.0008222533968470882
0.0
0.01817459465272338
0.03154290285708361
0.028082106847838344
0.027658943011209684
0.01980060294322596
0.020623771164977177
0.02797053596419879
0.0
0.011995658517359458
0.07195557040712318
0.02290994950365899
0.021298171131203216
0.038201585490446034
0.0606307035449879
0.02878636119884862
0.05534941984565161
0.049016791077554876
0.006557291581665132
0.018992079220937753
0.02248969526942692
0.012830130122038052
0.029733740350428375
0.010493832405852178
0.020699112445226497
0.03177150769298335
0.0006473397812642966
0.0
0.0739320014159979
0.03687265238690876
0.18739760820722137
0.07813590812045598
0.010571764664265605
