0.03979035207796337
0.05434032904373566
0.04220043479207993
0.043266487959851656
0.04388454761206092
0.04610562499583958
0.03850818484079868
0.048911162751853615
0.02758026355837963
0.04829453136228277
0.051122673987306654
0.04293121235300974
0.0293769710204673
0.032736410416340914
0.029161386070642455
0.03059441076432714
0.03145144864408765
0.030561602858572987
0.03040108803133563
0.03043927395919342
0.030421087892382955
0.031210630690228804
0.03485025979566795
0.03797663475258338
0.03820569477684061
0.03778291547754907
0.03784238899003959
0.03726079593418232
0.03746253565119309
0.037546120151250126
0.03764157463899444
0.037336925847262
0.03708170323583619
0.037063285825019644
0.028896112438395
0.0364897690733396
0.029209075303858197
0.028196351096301888
0.018688905747212874
0.022223442190584728
0.024652065111541898
0.014203200376171364
0.014331917313397044
0.02536638970012134
0.03067491361891749
0.029300550630709302
0.03832275635657827
0.04088444885657704
0.02015589684074499
0.05733607591031459
0.050899062339749494
0.036214393011646064
0.04774703872218105
0.14685656976372327
0.16782989734287304
0.12651988257778032
0.0569532302167375
0.018799026466435647
0.022960398543698815
0.030850770611710113
0.024313529571809867
0.025398135006361094
0.03186731342108248
0.013700883111953185
0.018260305057865616
0.013527526023699225
0.030057177002029846
0.033582444360680655
0.03165851252308859
0.031248027737437976
0.03749930964612161
0.037267372990177725
0.03682500650491829
0.03636444203193262
0.03743026251168898
0.036796136838998614
0.02891111043452562
0.03953016830835209
0.02770280850663685
0.020977479741756785
0.02091686947311535
0.01320027204319188
0.014296391908320395
0.03480402817591366
0.024861686938589245
0.02240876548474918
0.044918584868022214
0.03126780237639004
0.0395367388003453
0.0336401909213014
0.04220431646947993
0.02793836684164115
0.05704700205121038
0.04818664171895842
0.037063201482639654
0.062145211189928766
0.019168961025779634
0.01800129660372114
0.014829927126511083
0.03441521175056952
0.025579153031949183
0.021585121102176016
0.01534771841173471
0.02123420082392458
0.013161977935196996
0.017651307328792637
0.013592175527783681
0.013104380440793073
0.01330736539434472
0.013573929707873354
0.013270082446977936
0.013487183356020654
0.012850252634542494
0.013623455465854074
0.013130060477442104
0.013112418461061263
0.013341815982384812
0.013485428904229248
0.013450708309707604
0.013404662752990997
0.013028857041435905
0.01327933416431351
0.01314278106633648
0.013334210578710601
0.013265672247110304
0.013072862129972317
0.013232660168661776
0.020006563699677786
0.017219444994002256
0.013883234157401487
0.01353637031762295
0.02360027829880618
0.021168588450135063
0.016615292025296883
0.020974243414799382
0.02081989335696402
0.017813410425354996
0.02181148166587634
0.05284657797078222
0.0317093032783285
0.043358624041999805
0.043198358631248344
0.038110107931527984
0.042043504135332484
0.03609031019761742
0.02749575567690707
0.02988177302815463
0.02428508098442878
0.05927816639403036
0.03456707817879035
0.09181774988115154
0.14693851978249095
0.1187100944449695
0.020197158469613147
0.016985741718966354
0.015136591708412906
0.03205923971222601
0.02840023820869848
0.028770762514253458
0.04676586673505629
0.03719023368356969
0.05721905838046986
0.0468866507985235
0.03909618062701921
0.03944930336028875
0.038118444897694975
0.03915133236839623
0.03836953879136224
0.03888052904563065
0.03824786975211166
0.03711688694661974
0.03810235276081537
0.031436028832004324
0.013703140670346026
0.018141879893924354
0.05544207398111483
0.0335963817378928
0.05435877331946985
0.04581660740084623
0.03585356353149928
0.03959570301126026
0.04306289527143616
0.03965363477791511
0.062053590571013624
0.03477697426120097
0.05174739719656595
0.06773165118663042
0.04968311811290305
0.07081193545670665
0.06953196481899065
0.04317415102996291
0.05232942918079622
0.12658806170372777
0.13551313931118356
0.041884253457687357
0.049422220598475106
0.05531233271698383
0.05876743657643064
0.056909274918321116
0.016457373913551458
0.015321180973342587
0.013304559235173562
0.01659201060270677
0.028200815033685236
0.05511931588958669
0.02137219321514903
0.046232126371723754
0.03247596366514037
0.027817096954356687
0.026469831202012236
0.019451909389895085
0.019892457359539033
0.01986605172660797
0.018472955314392185
0.017934747628973045
0.022794494522111894
0.04072091595513259
0.020032747512106475
0.01937864802356181
0.026819947828638238
0.02582923242731304
0.02227321976691458
0.024842425788796446
0.007886514186661225
0.010057343954762394
0.025977720720951426
0.024986248604932208
0.026145615935414
0.026067586803207088
0.025646406113661622
0.024179326035090935
0.02238854700450665
0.029002243644033688
0.02781850309527497
0.026876786971030596
0.03168728175126218
0.016785349778655007
0.016367282359836324
0.03174494548519501
0.029123636241932455
0.027859753047420457
0.040392275004922665
0.046541787828010335
0.04688629215793677
0.04189977715637861
0.02139421146669703
0.0549841788833296
0.05714359413797415
0.03345753844148278
0.04655785966518805
0.04517182123852815
0.04555507520268204
0.05510708514647933
0.06835163509825316
0.0666346425397081
0.0500880503742309
0.05895161381820529
0.03512822337691367
0.03239604662537446
0.04994319196978737
0.051151177775317754
0.05025909217699259
0.062134541547637936
0.061276677069358215
0.05628163302170563
0.0645575079427618
0.04994032833047589
0.062006652251715755
0.03967195542214066
0.04215055597163216
0.06071529188164827
0.0477459323379621
0.05468883311337873
0.05647389592458195
0.09217674699116586
0.056871601548212095
0.04202047933193842
0.035415253873077396
0.056392108673435845
0.025608527288610853
0.03152044266133401
0.03256240992524076
0.032716964981988866
0.031562813644446755
0.032770252669967935
0.02385561453885384
0.01896841072166656
0.01841964222234621
0.035241966108143175
0.01829535775744987
0.02011290253722081
0.0238428217586116
0.019595217456894107
0.022219825538974437
0.06031506664884817
0.04446642476078935
0.04938233582293462
0.034570051655472125
0.04723043117283693
0.013942850721393951
0.0420904176555045
0.0633078987045516
0.03196755139509374
0.05088337313935556
0.038058829593019185
0.043914078084590524
0.061854145747826904
0.04133187489727401
0.05531332630789884
0.053787197953592755
0.066283277104269
0.059918990277038696
0.04564356369158207
0.0597893714770334
0.05642057108436077
0.08497466735387395
0.10496639953673416
0.04482739979451881
0.045464550422575925
0.030935175452310427
0.029551481995302123
0.03811427888152242
0.04993973955625359
0.0427092903437232
0.04829450090120477
0.0378404904820852
0.04671405698293513
0.021986023072588907
0.030558854052671596
0.012714181954072578
0.02067944029765371
0.019888367441212845
0.032603097835572276
0.03329399078217915
0.03595075771294509
0.028162948106851538
0.046196443336334325
0.021430884676220344
0.011127901269188705
0.04353993063755736
0.04492740675049652
0.02503441650411183
0.03702448531555514
0.04102136425136951
0.04408709989517323
0.04586046599285847
0.05037380339803711
0.05872907651725709
0.04068225722733968
0.07990485485137543
0.07754923822424799
0.057540354102250627
0.06047404786682504
0.07954231761608264
0.06276387084638688
0.07456860155329038
0.055151350527201055
0.05517006688658881
0.03409594689307632
0.01938506032022966
0.01345346823567764
0.021652347546702158
0.020139977696924213
0.0328085508556782
0.027026816894662496
0.04269050699014513
0.03700872036297939
0.02557519825158649
0.022722380409967505
0.024431461921070662
0.01582198760850953
0.016201779527594887
0.015200036034676684
0.02670858167066048
0.033005464722758726
0.03399578463679529
0.03978811353404527
0.04859337175234698
0.036787212793540344
0.03386598864721129
0.028517521444013316
0.030606117559636874
0.04174223410533889
0.021846081636661834
0.048865921110038006
0.016956846656410736
0.019250573314695152
0.04649315720044929
0.06386528041651846
0.03404738115547336
0.04405498556307576
0.03187539673970764
0.04401151207076539
0.0331659571903114
0.046051452764821504
0.042356162156522895
0.06296421803638116
0.04396911317186496
0.03576070437841868
0.06344133286205095
0.04518608971268559
0.04435819629941514
0.06290666294341456
0.061048033760101025
0.04719988446657901
0.07934369441691062
0.062032533554794565
0.05825709086032608
0.028723788002888585
0.023470294510650205
0.02218791819555276
0.03241249008251038
0.034555980381184896
0.03159298918845818
0.03851049628893143
0.06154785036916897
0.04255539013719233
0.05035042198593422
0.03294102738739322
0.03203718508619715
0.03131297450465274
0.036825482016982374
0.03388096060843175
0.031618084796357915
0.0423684088147571
0.04027969457495972
0.030810757627469078
0.03832131382265925
0.054061035366848725
0.028000328810918587
0.06132889030127716
0.06310354854256511
0.09886805115715135
0.06632001603857116
0.07919125591417593
0.08380679407539227
0.06913747346296718
0.033995501669636156
0.013935321835993763
0.024754489827147345
0.03888251493303758
0.028763383900561854
0.022758207246509576
0.03418182311375984
0.03612011854196489
0.04876526536100883
0.04555901072674948
0.047539802913689234
0.03218994896777861
0.01597797716913199
0.039269790751840075
0.012352078433608865
0.02786954571888557
0.023255138506935186
0.042959058484679805
0.028686074031770613
0.04557298746931946
0.01539198884501264
0.02902917793686206
0.06452763783274093
0.034673441855620935
0.03893374883459869
0.05209855757472386
0.04197621272153838
0.06005863250760247
0.04064559383241702
0.05549891183981748
0.057694437079749666
0.05154107679793595
0.04037870882268983
0.03070818506675678
0.04712498069872558
0.03573659102905727
0.04563739649064869
0.0469482984999583
0.059602455519573466
0.07937615979773975
0.056162534622292815
0.07020661559012904
0.041459002187517795
0.05055524474243182
0.05888144036414369
0.07864448118599698
0.033527066554363
0.05717517885772104
0.039262477115382645
0.048153430720999514
0.06495743274670633
0.0410678010128637
0.04518353811126262
0.04054083268591402
0.04970883518490795
0.022660446659853322
0.032446692344348264
0.038699123111227404
0.053935097716880744
0.06164605575106329
0.05233795404662472
0.0557919070372473
0.064736060306013
0.080585875786649
0.049091104758164854
0.05739831603140326
0.06818079888654632
0.04150926474152494
0.046275513916724346
0.052333533275191225
0.06738059943016703
0.048409144671973894
0.0344459590633135
0.042808427281464285
0.03639158245880733
0.058213382115857984
0.048221160203663134
0.05219425467806764
0.04116937246357777
0.035621473802582675
0.05060243789341408
0.06022338807758069
0.03525915504684061
0.04235960490034924
0.03973149965251096
0.07004300419850422
0.04397326411296448
0.052313912318166775
0.04515587782320141
0.05205606811501161
0.04185801319908181
0.04436636797280095
0.028079248672897343
0.04677357150645288
0.0382502129862666
0.058966894608135874
0.05022593283304727
0.049865806566821824
0.03860438777193161
