0.10456200662126387
0.017731065398401153
0.0
0.0
0.0
0.0
0.0
0.0
0.0
0.0
0.006297453685922906
0.027392696505057046
0.04740668840507239
0.02544781719973484
0.013649286684512034
0.013619697708728173
0.05018361409806733
0.02380222240780989
0.028261100101572425
0.0405355816914087
0.04679253306377156
0.042466517778555195
0.020666714929403338
0.04003805610992962
0.0332704582469414
0.04229118367534841
0.024942054132746135
0.07112931141514502
0.044065084442927414
0.028259183777144817
0.02056905876706891
0.0445803866713291
0.0835396018822085
0.07000285876461977
0.047821690465693206
0.03852121849547849
0.019578025462254428
0.01745087319598053
0.024878466239470813
0.18876408959939087
0.22580371656085585
0.032932014444627344
0.04602183365840262
0.0481585937087577
0.061433448737223284
0.055014502159534406
0.04129476405902685
0.04171588365327719
0.03464666239627069
0.06750572489073567
0.036451090736992646
0.04171626666323608
0.07012244422020125
0.05980287638437488
0.05041237517792
0.03742044728113025
0.051141848430573976
0.03904915518193515
0.06099297924561728
0.18188965485480027
0.2715169371335824
0.2624738681305252
0.271953294852479
0.28166593753510155
0.20847282144303997
0.0698272027228079
0.08708242700371677
0.02773260562205828
0.025973818102765635
0.023041747774612407
0.027510784740696802
0.029353015509569706
0.07709610429050746
0.08630330710966694
0.09748007272102376
0.12927564456000554
0.10704914776823322
0.07761546898330425
0.04678048003547921
0.052432300228356744
0.0438355503107488
0.022387327896656786
0.029201768817274095
0.05849252204656452
0.07640996589870447
0.06148093885675883
0.05351896639199105
0.041390006283575295
0.048575101899143644
0.03740404567529278
0.020690894297776437
0.03298702017966733
0.01587811346332699
0.03108577686898756
0.044711734819028626
0.03479410693136973
0.035901300348141506
0.03920725541104104
0.02818467924920807
0.027277596393215923
0.03375517423098452
0.0379044428978899
0.039245567375633054
0.0525059488968086
0.03687082884998272
0.02506481171682983
0.06598934451334097
0.06293076290019708
0.046970908375436014
0.050254729043341766
0.0585618877614268
0.04520236623583717
0.04345506194484515
0.050457224939838265
0.06868984356841777
0.3212283466298975
0.31462646323117094
0.19007339579757057
0.15764973676346672
0.053008929324775626
0.08747534320745527
0.10195163718935918
0.15623245072786074
0.15988172554801938
0.15663278606185638
0.1613378997845627
0.1553431092782269
0.1608931798399483
0.1395873796476769
0.14383860371247817
0.10672418741375875
0.10654744251958845
0.11571779208602062
0.08733742630297148
0.08682625707795863
0.05962177987626392
0.07584138357668184
0.0687018818657804
0.034745877901146124
0.07416022863977302
0.048973141771682126
0.1042973903819432
0.05474419577761459
0.03746077259592092
0.04697815837186371
0.022012905709492107
0.06918590390478016
0.05224399652214978
0.028878595802907938
0.041680542434384
0.034230575000564346
0.03469450783409239
0.042641909119525
0.06151488211248211
0.05247032669503354
0.16801580307539582
0.18188555846478469
0.1843729961356372
0.23565538529122054
0.24872521080211352
0.15405335036658893
0.12148693727886724
0.065770436932907
0.05441551724397246
0.039349633132826814
0.023892482095463186
0.02988708477989525
0.06299098264061427
0.0655178430845698
0.12266375192864418
0.024571481904958763
0.026142401218469703
0.033655741643760756
0.06131266511813367
0.18734068460831257
0.28626778251523805
0.3382815135387651
0.34514023707904185
0.24462029340885058
0.11690093311838895
0.11712334971394901
0.04154507015739656
0.03685267050458112
0.029694191088528426
0.028366158533526413
0.045177151135778956
0.03633686840353868
0.051834674589582026
0.05457335291001577
0.0661704825052089
0.06902468874575145
0.06438202637155138
0.05822662150883019
0.05215352863845362
0.052900820136891284
0.0855617973974096
0.07076789676270061
0.08281116857388245
0.061748478119458355
0.07019123636283256
0.07232546683091884
0.042578458752981045
0.08285279676489941
0.018626564075696895
0.03964444180486801
0.00851877782442827
0.03109517753459258
0.02428444259233559
0.05996112801143232
0.03188859170880837
0.03606239755613693
0.017537079644001703
