0.0411472125441387
0.03329599852719307
0.05365544068200904
0.032114121639981036
0.032936373818870955
0.020540240608839702
0.015344957217127338
0.02329980290309313
0.025106449442101542
0.04628646126518281
0.017464769643295148
0.01705965343178644
0.08282893718262717
0.045632452499829314
0.03860748116634371
0.03038322114376385
0.08005772085736333
0.012609929045904668
0.009535130880979664
0.003979501692562602
0.028630877644979073
0.03223888696201246
0.014941643013851107
0.08429143298199211
0.23046019689852856
0.036624369141232946
0.034486690951372544
0.027032587570342905
0.03622264706825732
0.03866014687960754
0.02025232038824173
0.0206522242447674
0.020894004498898482
0.021148593139808946
0.02140564176795951
0.02020139402564478
0.020079202892065592
0.020898128470390978
0.02083415097888912
0.021103634597998713
0.02195504895139661
0.045368075583997074
0.0688806689902816
0.11292260367724877
0.0995103277561487
0.09522927679718386
0.11592192255823308
0.07997230626365512
0.07529312587214113
0.06478598922661188
0.05701973530399644
0.059098513729942855
0.06642855794801435
0.23739507955991526
0.25240053958599334
0.22534225525828588
0.18614515607048618
0.037685925179410495
0.029823079390687644
0.032720195884496636
0.052718881879387905
0.04274941026342092
0.07449611345520438
0.029835950916433703
0.017900506315638585
0.016001732776669667
0.016294396422395843
0.01478430754639316
0.019203650707063542
0.030389675405974394
0.029538055518048056
0.0375690062972156
0.03214052289078428
0.03361123346748181
0.038951309013835395
0.039889041103554124
0.042789165153175095
0.04286560398748654
0.0336256198362357
0.03203035100440634
0.03403875341717926
0.0395709435576848
0.051295067053269854
0.04731018038095352
0.025584154058642086
0.035917830380695785
0.035087653649470314
0.035328514860732414
0.017869004285265368
0.018606627064654498
0.018917259041420362
0.019219812098268063
0.01918438412459667
0.03633729643244148
0.15005328899165477
0.23626135402271303
0.22103461062212273
0.09060302138667294
0.05257932439251096
0.06816896370969919
0.0554056246280135
0.04220335212841518
0.026594761338266062
0.018532388295693362
0.01878609515774476
0.019164168646495706
0.018951400852548275
0.01838408633570046
0.017942769646436287
0.01833789613070214
0.023045244007941446
0.03544116837453487
0.03843465772820363
0.04685414454679315
0.05099068705828002
0.045939757069868165
0.036373461926702454
0.03808175834361944
0.03797125171012853
0.035452152129499134
0.044401091652776545
0.025225299520259745
0.026636379902647434
0.027203968046608684
0.02839736258951147
0.05116882297352519
0.03802931628918221
0.023172102199655733
0.013278644588612214
0.01378629353346279
0.05801203446093597
0.05891580549122829
0.033210123869824484
0.014175193009060961
0.02084050884881858
0.0310485394489585
0.03571507566232319
0.041629399757369484
0.037760039405108914
0.03441286526147591
0.05257748748763893
0.05733995240004645
0.05435409969146813
0.06260567055783044
0.04134566826976866
0.03089542122822715
0.038154307326898416
0.045920601070206096
0.05430304442580923
0.06473998678890333
0.04078376836767552
0.04711747230208604
0.05449205097188289
0.04415489242947195
0.0488151701043643
0.09393603097829387
0.04188942525982524
0.03846448304281879
0.04484964285511867
0.05282749146790427
0.05293992794981353
0.038107098676522226
0.028885350908974868
0.040734392023930664
0.028572768529668783
0.007320371396124558
0.02086160902003902
0.0385546284760537
0.017463552789382095
0.056301053280190326
0.026743232532303065
0.02757485819646641
0.019844139086506417
0.045211212112312306
0.061485329748796495
0.025488976309622983
0.049907466302689184
0.04218741267533883
0.04823570521071903
0.04628542868978566
0.0694995010298268
0.04139983058953508
0.09270732008192989
0.08160181008882708
0.04519918312412574
0.10187230120605635
0.09248105420990865
0.08821522339125021
0.04731271660752676
0.07611503935182048
0.07285807700419869
