0.04017549868720877
0.04358250267022829
0.03661702615630184
0.050650077028564465
0.04556623231430341
0.03348759155731116
0.04101143998084172
0.058388444716530756
0.040862362518877794
0.04535824001412933
0.027976946291349936
0.04277052448708079
0.04799001684030889
0.034285373566154305
0.042591537289355684
0.04620535402675641
0.03334190548892581
0.03684768099363178
0.041836683562698485
0.04228804599324973
0.028415486611183503
0.028507367058503718
0.02457146845211275
0.036780113827620815
0.031040045404329517
0.05174267689639549
0.023628359053480874
0.03302892423556891
0.05131761181746494
0.034558272719245865
0.04342587230439906
0.03453710530115524
0.06732197373701669
0.03643229538815993
0.040009053952442544
0.04309267271372731
0.036056916219314956
0.050178069160859054
0.02120248389202274
0.04605853438416613
0.03523546171160618
0.0497630139554699
0.044312933068059966
0.05923614994642226
0.06661142640105203
0.03318923416452772
0.04185149344705193
0.04829576176993198
0.007891959077923099
0.02306556505211313
0.04064370597239828
0.03583388372760416
0.05183421664891766
0.0383606357952515
0.028190858340486003
0.04438105622336103
0.035336735826353056
0.040311487290007955
0.030262338184067546
0.024837861376508976
0.01759238559114652
0.034737692062921266
0.03741708553673324
0.028165425142396148
0.029841527085229552
0.060602633245467434
0.04753789595181907
0.04190438690128692
0.03977318054599651
0.03823854843862843
0.03597145460236279
0.04873976428623159
0.032733846623260315
0.030733512090420925
0.040974318581147175
0.0323494389390965
0.019778359120390655
0.05782522128044114
0.03615582975335773
0.04408667638068376
0.0538308736931186
0.06446455525862053
0.050435882746387155
0.0429762288353725
0.05548277680353437
0.05784035733942483
0.06803085679239748
0.06123278075251366
0.05995248689818642
0.05972952969843577
0.05215724164269431
0.03907181519789371
0.09886266441448091
0.11116635034589183
0.12399243559335464
0.23550582192166
0.09548251466162753
0.11973709364810596
0.059557629150027706
0.08614778903323993
0.06445254148419244
0.04098211667030512
0.022676610557518656
0.023269869332167875
0.01300794650475133
0.013329490278795441
0.01358560313905555
0.01375220058075968
0.013734841366921309
0.01321232295890307
0.013101270383386836
0.012829808635292934
0.019629999217529014
0.014323786068353522
0.01764081576393633
0.03233394482600758
0.046034812288019894
0.051186106696441296
0.03149876583451728
0.034209825431448466
0.04049848231923607
0.04872383533378474
0.0731862840722889
0.06209068157061078
0.07733723640096306
0.07140721048551171
0.06720277440764952
0.05429920448476476
0.04271445812139854
0.03111887763645336
0.03183049669554172
0.02549440807243311
0.024901718309821384
0.025080169044968407
0.03764752559110481
0.03902106762043284
0.023439070689920485
0.03412684212629343
0.035373399095337536
0.03440572744484938
0.024616467722004227
0.036305986727398334
0.03415769413425602
0.033181892533128664
0.033178840748409454
0.041994181541844804
0.03438917126214301
0.0361807607806633
0.1385448864955289
0.09936511494223438
0.1307608474211893
0.1851109024266616
0.13099130641071666
0.1481607257961812
0.061167332643414306
0.027866592711871807
0.029956198922538903
0.03192852198840974
0.05020239934424935
0.06747969781668109
0.03443971264504968
0.034248925547417396
0.03918781824420711
0.024528209351724773
0.025728424889676006
0.023335821872882575
0.02535162890545876
0.03174078204099666
0.028664024770998036
0.03782900993075943
0.04021126368420245
0.048779590650181046
0.04086595685768948
0.03451946490493999
0.03691870117523839
0.027973998754057077
0.028666957580729662
0.038226534415865134
0.040088594214328636
0.0407260933314568
0.04117507147859605
0.040356438574983514
0.050016137943829274
0.04572399466485828
0.04524103288289689
0.0487535728150006
0.041493026900513125
0.03720205600195432
0.048166077658703205
0.05746162584160614
0.040930507673267724
0.04595104575095273
0.04168935677298728
0.03733800440018281
0.04397938345116945
0.0306847057436274
0.045972761668502726
0.032643929978967756
0.047444701305053676
0.0460930993177353
0.05811687196330419
0.07198727441374948
0.056239901167223896
0.03974525955964228
0.04927005656989299
0.027897099491248235
0.03464113559158074
0.04704190067111485
0.06844658020998395
0.04790847646023484
0.036526301052194975
0.035909511301256115
0.030344479321112297
0.049224187371157774
0.04524859635202886
0.02495288972393506
