0.15184504671336493
0.11931007279046485
0.1646528355805751
0.1607641743710026
0.16173060271054748
0.16215817361092782
0.14199442050638497
0.15015068669323345
0.1665970171680529
0.1265418091166506
0.14226407438082195
0.15827824297312143
0.13280393524967357
0.12213168315818589
0.14659781025796942
0.13218071475586615
0.15326884160054405
0.12872231708487966
0.13047424722235965
0.10325287147619616
0.14760100282051267
0.13507254661029708
0.13030058785992746
0.12638644090878237
0.14645023223300624
0.1492889136557486
0.1586890644534023
0.12913404486106086
0.11966526806339424
0.16158268758186745
0.13286457741455746
0.14006910903478786
0.1721547198337207
0.1454835033479524
0.1438188181777023
0.1356550183736694
0.13563061022626943
0.1383762351162321
0.1456608534492256
0.14253441050374446
0.163479904077356
0.12064266808286642
0.16067480146030744
0.1488570694487685
0.09440982736991127
0.09606962982288189
0.09797045563825758
0.09558292154064137
0.08848496817495026
0.09370828171351862
0.058325645828126015
0.05478601190285325
0.05413200703690203
0.05276031813799997
0.05464390403894233
0.0377785899683418
0.023717247202011266
0.02921103920660402
0.025903788674082818
0.04460214775795407
0.0403529141369991
0.03275534316181637
0.03251502858518599
0.03264506657310363
0.026148718155644016
0.016368070304932723
0.016660917727986595
0.016692358447565614
0.01701127045580203
0.051574615515261955
0.05650381629169834
0.06175555829310267
0.0625212224514301
0.056299341793123486
0.04707512899862952
0.04978636891436561
0.04066967566277366
0.037294197356951324
0.018624707238175473
0.026475716750297907
0.02743527815251977
0.041108161858232566
0.03997711927971543
0.03933632194025446
0.038666629194329
0.03826598405728741
0.03790147271648179
0.033178844484659374
0.038784781520237455
0.021700107898288502
0.04390238103859907
0.21346750266156064
0.21075631418179536
0.18760104445770082
0.08994620935154148
0.032735328340710135
0.029587753813035557
0.029816174128840744
0.030738225483949173
0.03149192743212036
0.0309229622524024
0.04230337699466745
0.05654880972222918
0.17148334283285588
0.1559077401733303
0.191361046396575
0.1574517964388314
0.06716207785181348
0.039421500865603795
0.05064291423227674
0.054098748609378196
0.03391968324738124
0.015549425908754778
0.01620958452798529
0.016146203117346082
0.015631687765181115
0.014883160539653679
0.08725510255351283
0.0376519645375856
0.03353292722631177
0.033868481642088534
0.03368431029796974
0.026076323244943318
0.01577782915623571
0.047032065340336604
0.07461987612259935
0.022578709899995265
0.04351487423214544
0.04529262459084384
0.051337023219544045
0.041399539756178674
0.041224817982256655
0.03545699078266844
0.02596412153684796
0.016051770453365224
0.023804480506001476
0.042023784841330104
0.03116504661638168
0.03010403620199152
0.041558886154239555
0.04390070797799894
0.04482240513679239
0.03481852651634595
0.029468097348186506
0.029462359040693543
0.022488231839450677
0.032165413374185
0.03704671267563658
0.04059734404620129
0.04471276099490445
0.04436416492090152
0.056322228319722896
0.04406129758131738
0.044541259537858646
0.04327216907761287
0.043225215742181036
0.050276802240054604
0.043346838753176006
0.04305755152194164
0.034741031912871964
0.03929648808117714
0.12543530667235966
0.19994485490590694
0.18291166637015022
0.151217120482039
0.03994258109784678
0.03059364897355423
0.04438605439488059
0.05954159653193051
0.03433516807417731
0.029363317446027968
0.05660990702409623
0.061801926414353205
0.05588015288004347
0.05023257681590589
0.07129670240277629
0.05653154437537764
0.05528119765445789
0.03997308441691319
0.039916464350850306
0.04002709507484938
0.03919345121662337
0.03946876867119071
0.03673786244475772
0.02627102448613508
0.025889870756189735
0.025829649343932264
0.026682212773031174
0.02738951717839461
0.031484551580236275
0.044603941018457056
0.04124284733157695
0.05029684034513802
0.029035040161365662
0.015106944215185736
0.030748790493727876
0.0344345623479929
0.03499165459608266
0.03276249664746
0.04430548726719855
0.03041383672402479
0.030420797873896736
0.0370187328417092
0.03109347345427271
0.019261305871547608
0.028922271143855302
0.03111992757212885
0.04556813781749797
0.04593161930598801
0.051535913380935446
0.04272856781754166
0.04200198384380854
0.04120809036680854
0.04103242860507701
0.033346085812914886
0.026639207453711813
0.026624276688476233
0.03487574455311943
0.036778508467883574
0.03212134463661651
0.027096819556441044
0.027499153539762452
0.028161068301757117
0.02879864529506891
0.02976740729322874
0.029475225985986654
0.02868800006211761
0.0471032016366554
0.12532732244117037
0.11240193308385883
0.13096388551791543
0.11818569720307935
0.09867741505710798
0.08064281703208942
0.02665387857945347
0.03233620459764263
0.030529871651581383
0.029305511847907223
0.028694260393536355
0.02756523373273606
0.02709838251612079
0.026866800478500718
0.028447979918863706
0.013962296616737646
0.06098194267359289
0.11405986156968892
0.12974588863113973
0.042704528813904886
0.04342366475112103
0.047021658380676984
0.04669088801920478
0.046917631837271906
0.06230504871830218
0.06292832220825757
0.06878213248706004
0.03824494736887831
0.022428733959164268
0.08990207415420093
0.10058493718228712
0.10086549690082003
0.09390189965578713
0.07785649561794507
0.032178548236796306
0.017470870525882067
0.015542106874688185
0.024315691801082468
0.025591187329789464
0.05961254267043944
0.08579511445621714
0.04133901986159709
0.055945811849111175
0.048117129665450245
0.05380372510806051
0.06028463244867098
0.052981813884876425
0.054466174217078986
0.043785235687939225
0.04016186735397358
0.026649152194260076
0.03591950207735232
0.040757131677026985
0.044304922338103646
0.05265615096785731
0.06165817117309417
0.07406095833589109
0.05309151435143074
0.0521011608464876
0.061811408948393154
0.0641556992370858
0.061015020953741436
0.06826311886310622
0.04562971019866306
0.029861624550787925
0.056101480379580605
0.06672859362291114
0.06639428741868436
0.07665659641844919
0.06818704572222023
0.09589606690754458
0.09835981037398746
0.1408981541395471
0.110728344408529
0.07521206354745509
0.12597295926089833
0.12069732680589182
0.06968605177527545
0.11353192703835881
0.10483776298433568
0.09880993908955046
0.09816307052447999
0.10605910729725199
0.10747769124088455
0.1247695833852895
0.0990474253023366
0.07670610165988548
0.0996392856811657
0.08925571202119642
0.10822168828105384
0.10066103201370968
0.11057569062511849
0.07842928944505359
0.11001826616717844
0.10100816412066937
0.07626210158097592
0.08819003610824132
0.11034335045750975
0.13956902248705436
0.09479545312837687
0.10586938094707707
0.12874133225701268
0.12077873130889565
0.06784930232015893
0.10345730211200203
0.0420763731102379
0.08506977109397014
0.08474453093409448
0.07817402659466881
0.12415433693137472
0.12140595760399861
0.11522296938749216
0.11731904438312356
0.11077343452183615
0.06410215568794901
