0.08310307767747604
0.09903080200598044
0.1161358026729101
0.09792142150220848
0.10600218136684286
0.07192132364576147
0.09733960709798063
0.08970518479064075
0.09053068642185538
0.09302748292539714
0.1320098940568593
0.10202220484628581
0.09348674795710206
0.10781133597448825
0.12719732570532477
0.11193653915668347
0.10356681103127938
0.09321105811664696
0.09414123608530002
0.09610888707189096
0.08163164825064473
0.08157226514218144
0.09566505026973533
0.07202089601389544
0.08906440019192013
0.08495284270388655
0.1533480632458076
0.11206291096341663
0.12336059833505535
0.08005902898788872
0.09567827001010304
0.07284951399716967
0.07986020597749255
0.09164861642251947
0.0699267291430116
0.145708359699804
0.10512888573133479
0.10349065627593396
0.0959061340355272
0.10010363319857207
0.0819516944316874
0.0735953840412081
0.08523463431404266
0.04893767005095482
0.07500014638669407
0.08037971659247473
0.08497486473544706
0.08979566941094953
0.08459288601379684
0.08120767033623877
0.07760102468998976
0.09110536137350213
0.05601087054530657
0.03254506891776435
0.04182179882983391
0.025690222671327433
0.03262603809302786
0.030684181535682448
0.019373914737754714
0.019631619170669412
0.061955320037319975
0.08096416789658828
0.06752100280561638
0.07479927971241801
0.0732734090819517
0.06685169035819571
0.03830893344271724
0.04319183660195376
0.04420958288619869
0.050301572173284924
0.04891711464894027
0.03747390003512168
0.04934744720251355
0.038365764949767
0.06120633710918026
0.046938057451328494
0.06596481358334183
0.06006839911044062
0.05554809539635781
0.05386315462471515
0.047999163672145004
0.05813868064668879
0.05696557916018553
0.05608744786855312
0.045002079886971275
0.05084740120754397
0.03756578657611565
0.03491268724594907
0.01882814296593049
0.02375801404975854
0.049090499733501124
0.1600404727744244
0.18135080777880036
0.18781473800485604
0.1826461973509066
0.18914114759213382
0.20739935896151504
0.1769807305819569
0.15398160903399633
0.14191246557997098
0.14029548708139492
0.048347890840164394
0.05428960636403579
0.04008070615737246
0.02462516131753705
0.01981950955038233
0.018214429801234784
0.01998417294709268
0.0197749159467255
0.019598487970162032
0.019512447571482763
0.01984792279926378
0.01931266332791961
0.017966638577581358
0.03989161604531391
0.16784775849883804
0.1666102820586734
0.055844699558365324
0.046100336039019606
0.05778122388265631
0.04604240053589635
0.05730094906714536
0.06125008637405822
0.05730126346536011
0.06634535238746861
0.04381942543593531
0.06142252226564629
0.08713615727388895
0.06850349838124871
0.05666434049547432
0.07959128365666077
0.07418600758798785
0.08991362454623254
0.09611486476898101
0.08198857679583724
0.10499938840750764
0.10403329695678705
0.11633025740398063
0.08732994025260668
0.10765307842711805
0.0652146581771888
0.08286861558039049
0.07934590084049858
0.07746397870718373
0.08856551945602796
0.08496430472995588
0.08944703853130648
0.07056129915450171
0.11791655989389628
0.11435296077333462
0.08126199240015675
0.076304885611886
0.09963841517865527
0.11134693453691993
0.10197519837694323
0.0967063993559686
0.10198032830377245
0.09247250977907817
0.04707369801559488
0.0545934541905074
0.05153266668897282
0.053679363175909475
0.051681975710476134
0.04815659306508212
0.06007010745020735
0.04380548143307838
0.032432918432971775
0.04560737602690659
0.030798095026285978
0.03132623080336667
0.03413413569556207
0.1558477419200519
0.1626738185687798
0.15775398961946174
0.1658215429508788
0.18725062233266182
0.17705484237345964
0.13668511145572498
0.08093235607595166
0.047850777012630845
0.05015269123553338
0.04963904479358836
0.04328968735553847
0.04920779866473384
0.03298136744138701
0.031027907778260345
0.029282409990021952
0.03573189102564291
0.13138732347621698
0.1543844497145726
0.19003524341808778
0.16645989868948224
0.15485908875086898
0.17248586147415676
0.16952558630667422
0.10505782148345803
0.03988202470395806
0.03766542123441961
0.052563877025837945
0.07588018236727856
0.06998423825157592
0.10934078337691265
0.07807385000160136
0.07145702191548561
0.06864574051623816
0.05523417874951256
0.056119902291078515
0.05763954616557717
0.04750603026855419
0.03626355064922079
0.027093198400642827
0.05099936804548725
0.041199175035443805
0.03846312239120116
0.03828775428661683
0.04090229983648358
0.04900280727131364
0.027851252069270593
0.05262769354570028
0.057997157195416094
0.03697609500392386
0.04369586871213094
0.02539985287418774
0.02611946150941784
0.060082391266899814
0.03943081478386573
0.03800249907552418
0.08842527844535544
0.11513718656709979
0.09585383117059632
0.05002261523392247
0.041794849422405564
0.04417157638144907
0.026775109852068164
0.020756848330541564
0.04925476570293428
0.024540407853260695
0.08781109739374758
0.09350588782686733
0.09377757426137459
0.08797680744169806
0.07303815940536393
0.13081525142905603
0.1573997433937788
0.1909518486194088
0.1906637070178567
0.1667099939290521
0.19494777648711015
0.10720754002503184
0.05100214044040496
0.0617764030501672
0.03138304295426265
0.021515734587473186
0.02631204912877374
0.052136049228587264
0.06625704762287939
0.05555278479585541
0.0723610545592435
0.07016921906816942
0.07015097145926705
0.07086126722539152
0.062085918921624766
0.04962088081680679
0.04674466647699026
0.04833899485810416
0.05486332094234989
0.05048473379587592
0.052569005036372955
0.0669572371626921
0.11061509775582185
0.09789047915932127
0.09871563176199195
0.10896955082782879
0.0931507623632595
0.08886577478494076
0.08475684212952075
0.09084141861358822
0.0946838626845473
0.08151180089554037
0.1244967488768984
0.09272395170631115
0.10002836971428801
0.11744695396903353
0.08866141134962281
0.09749964037201213
0.13180395487827773
0.0850418411053477
0.1048176082519672
0.10187601679024079
0.10146504692922037
0.1059638065724003
0.08248229505293583
0.07552870589662931
0.08310380486156975
0.07136188762353923
0.09223391234645104
0.07986376166699768
0.10805459760686077
0.12120157703414901
0.09506013979614862
0.08209286808381142
0.09499386913738422
0.09246302397766809
0.10923366485413881
0.08826022011127449
0.09993375877044734
0.06741609375074113
0.11182488986624431
0.08473764400764222
0.11434070516618614
0.11675075221737027
0.08454041234916236
0.09970866560612641
0.0901616259743199
0.08145490867879501
0.10792544904871948
0.08523066611286997
0.07730537803553067
0.08162691769541434
0.10241821892324882
0.10461392556137307
0.09335642758430432
0.10131535086457576
0.10927400481868253
0.09950016210750753
0.08442840641125483
0.10915483497922653
0.09413855642971686
