0.08150226121168407
0.09580178087783092
0.11448753439086624
0.10518598081292219
0.11480725400718686
0.10418635705511511
0.10445315325520484
0.09401353558852674
0.0850099655471884
0.089618455360347
0.10380354002910624
0.09732458310151491
0.1062272326947426
0.10306109609128584
0.07306572999564184
0.0885968197494716
0.11816081904503299
0.12703092463681656
0.10063876312027713
0.11552382181607193
0.11424351594784508
0.11699925637925668
0.12125469745079079
0.11706411178503956
0.08611454105947089
0.07672991982515397
0.0981791955645956
0.07567536106503964
0.02657098012644087
0.06485494073165757
0.0389660478774056
0.08098632418167398
0.07933146417999995
0.08408077135396119
0.08336477699329338
0.07543993045822583
0.10637042788905667
0.0903901495618855
0.12296363860636607
0.12083172050066111
0.10408545187368333
0.11573638957284864
0.11937823745721483
0.12814408790025936
0.12796076576713644
0.12833857292651363
0.11655025299000518
0.11217315986067367
0.0738656620078527
0.05752562779012911
0.05261073288338575
0.036120518202073876
0.07843760558133334
0.11717468447636568
0.06183015830979825
0.09475838066003754
0.08414810297159464
0.04688061573792783
0.05547099278372553
0.06300831572361767
0.059838101313861115
0.034424570880416616
0.017969267849627553
0.017111227080852002
0.016690278230197312
0.016010032166146923
0.01870146588011919
0.01630515562076113
0.03444482080666929
0.050495516569097336
0.03343423594075663
0.01674202293727725
0.01592833835597777
0.06762404401861292
0.055240141477033246
0.07184094604990292
0.07252958067378061
0.03334280983616447
0.057953665928492056
0.09216857224699365
0.07198366444554442
0.09716314266452591
0.07592702627906052
0.06064906907384179
0.06874001401284673
0.04804445775693564
0.03410006530166724
0.08482323067485024
0.11001809243564066
0.06542715054479052
0.0692469336151234
0.07793276968624163
0.08691707026267047
0.027083197043719347
0.045709001839071034
0.06841570481248678
0.06860293506174883
0.04866293279024342
0.048168422209571175
0.05382647269658743
0.022770590505379298
0.03353416673596751
0.0531526859397108
0.05173988443148908
0.02436858367726529
0.01838049798233907
0.0723623262546941
0.08881722797919521
0.08833591255942243
0.09169415890588645
0.0847408227735718
0.07855300901525997
0.039370567717309034
0.04828085894856455
0.03899276203374084
0.019006259600109425
0.01873610342485422
0.018713054224171518
0.018801419395231226
0.01882255309271361
0.01870620741282103
0.01803233791144069
0.017612601484149212
0.017655879049263367
0.018023840746663328
0.030406140005644455
0.04668242557905634
0.024083266461441627
0.02873126333376629
0.04352056027486285
0.04999583749756812
0.044628619406022925
0.02160664745139543
0.016083860940189175
0.02149857863442644
0.027690320026490384
0.03609050520378399
0.021768196169824006
0.022274184817247248
0.02327849654127471
0.023364928989925936
0.023218855571913336
0.021333720312588626
0.028154575514730162
0.08468967870813358
0.040655358828569875
0.08666095340007597
0.09298416698819523
0.10226544669999893
0.07121563298393169
0.06186627355523129
0.06704581454851671
0.06639127259919513
0.0669650508917557
0.0739961454772336
0.06430003755927186
0.08246805536139817
0.0637482535218661
0.06442399854718452
0.06493824562405774
0.03052656255819293
0.04103119513700108
0.09026326156115502
0.08941287148678045
0.07880650954154626
0.08106788465756291
0.05831268087285042
0.07131174743941744
0.09981752345557099
0.0914388864773173
0.09194361648719082
0.08310027767338075
0.08211444398318646
0.12610038104371946
0.08317724875631578
0.09115590122250491
0.09593391435780992
0.10133382947139542
0.09531221361267188
0.09471217443537233
0.08171907471107306
0.0852997684563355
0.11650408715806537
0.08584563921306117
0.10214596538703917
0.10015275208460313
0.08093857831945342
0.03750102630592852
