1531516.3758095514
2232142.172758815
1845726.267160548
1635021.504265325
3092927.6170478216
1933432.3007317064
2963226.585284866
2798515.2750580637
5046423.856785423
6978033.564108865
1800910.0171692686
2012032.2831254515
1300404.813302076
2197494.5609752056
979826.5210869841
2961277.734778654
3339518.9420922133
1351327.2719736844
1218441.5444690387
1393659.2489347924
1966920.1388832766
875735.6757079269
1339914.666522332
2329202.7551567606
904500.718286362
1185182.6201503633
1513290.2603397823
1132481.1204675839
1102130.6515002758
1712208.7651614365
3172908.649440255
1116674.5004090967
1087748.6810741758
1789145.4935995364
1225151.9838745717
1281671.394976312
1347819.995868428
1474281.7048142634
1156151.565348933
944963.9339897225
1136480.8058482928
1579453.1043434618
1892015.9642054567
1323540.937050597
1716366.4264171943
1493765.0390508426
1353422.6068892747
1344490.9325874355
1043896.8401884566
1064249.5670855881
964496.4895130076
924000.3482343109
1261655.1280288068
955459.9400572822
724331.7794773489
838309.1058559674
1383315.117786747
1101241.6329336155
1233343.9000074912
1620025.71887281
1350092.9190827569
2096539.2790523418
1901595.3129995726
1952887.2032525027
919731.4359176836
939591.1654051618
1515498.156598577
1745879.4044722272
1549991.3849322493
1365164.603256532
1791424.5030518798
1046087.5871801169
1190142.3716288384
1695619.0768265119
1177116.5323885933
1376508.0311327786
1194490.6380428185
2190387.6564403246
1059132.6787564878
1181138.4974465554
1872477.965054756
1042542.1823539872
2438602.560215464
1541328.5794544225
1789458.2016459736
1019828.4662213901
1115879.867633948
1306093.67043739
1846478.0602776217
1173623.847275654
1960696.09103726
1067300.4153541783
2179724.8457330605
1336735.7974471273
1035496.1711469775
1341478.8626865805
1232898.6880337577
897886.0907704238
1624458.829765072
968205.6309077594
1394457.6439384334
1736317.2158115355
1207385.0048007236
2650444.4380801506
697921.0739726156
792999.9953985858
1764351.8133984238
1012516.4610709306
1073913.1003465604
1238742.2106056993
1812459.4553809522
1673051.7519575502
2493340.783451443
1215681.1631161815
1529675.3848547663
2037603.4744928014
2522095.0743867615
1373308.8173473233
1808638.4679681107
1557076.934863448
1603995.1152889992
1178837.0306741267
1419422.1551362614
1214523.33268581
1576435.5081830835
1011714.677466501
2275953.4545293665
1512989.8925918036
1351243.0149481741
1556197.2151161558
1726172.9217731627
2055467.7644150849
1335081.6069077414
1159622.5889228894
1659409.8867338202
1208187.8150322395
1731714.490141377
1072599.0841933247
1805483.0493004576
1650892.5903085303
958308.9800986073
2284941.522930048
1504882.4990389515
1391945.8255873194
1098904.0373814288
2122953.8471816005
784633.056921721
1183482.77367983
990069.55947285
1021212.2297284837
1160681.0850528285
1257422.4677925992
1053724.5053816526
1555394.4624377135
1133578.6481538257
2033383.3140722436
2241545.165726485
1018118.8140465914
810884.7801294872
1095901.8864642112
1277798.4919264964
1558511.100966585
1985170.28730068
1132361.7692114376
1112021.9092650376
996712.6544476082
1402585.19394272
2056619.8758430989
1327310.234042702
1484190.4035106276
1306054.1084355453
1632236.2610724831
793554.7472725526
17703083.672436595
9512009.67457802
8995495.709628087
6068385.313678385
4295865.279888358
2580291.5883966223
2741272.2678219834
2441940.3541414235
1157916.696895535
1217313.0003985001
2014854.855861908
1375909.5380353867
1204808.945019669
1023681.7366740975
999839.276332261
880683.0561860921
1633705.6344010425
1603331.8439121991
1025878.7835464414
1407934.3193030746
2015025.1115406204
841804.2705129836
1212568.6117857005
2007441.2454238506
1559750.5104816158
1870706.511348715
1491864.4682968399
21534938.593260545
14676787.209277665
41264131.8328619
25504304.537260048
17317853.491323102
4930075.291839009
10660879.439718874
4978658.516285811
9874226.087754212
4068700.345896047
10555653.198732624
10055333.63216108
18721408.58102489
4605599.252546184
4098603.8636485143
5410335.296018969
3237021.1042301515
1449325.272957071
4541566.739478488
1626934.000203858
1762032.8761444793
2242541.872639929
1697500.2481532965
1860343.9395183
3192554.8724417393
1761319.663395128
1524997.1666136186
1808610.1351779986
2702914.377956739
1750100.149827547
2140565.237214469
1600962.558601147
1799674.9874455119
3135299.408219291
3372325.7670399896
2605022.0885163466
2046236.4247504731
2439107.888470283
2360546.343097771
2858614.6407920057
2174294.1709538917
3639755.9225094793
1171507.4734989428
2552420.7278688815
2899496.533951924
3434500.282853733
2303635.2000510823
2548507.699556949
6346298.892081703
3902665.4839222548
2949465.6511069606
6403037.419717523
4314593.878731897
2340226.5825852994
1973772.4474543335
1621250.4846224936
2912366.6954238215
2149919.8030277356
2779940.1169540137
1868293.8131083301
1990087.4335830815
2660453.7909288118
1826779.97995812
1751095.917481995
2786531.3063231967
1491464.0010829766
1396319.0668668912
1752728.3482352514
2428596.439791799
1637718.308971127
5244876.4216035055
4088906.571524167
2464100.5096731815
1362236.5365671054
2430400.0996165336
1281086.750071075
1502785.3345924953
1026016.9668465282
1091882.060421432
1228274.6640164424
1196447.1025135613
1065600.8443311008
2575018.0478245686
1333034.902351674
8543048.549948411
2730959.664967442
2986220.7652204465
3339354.296666225
3532977.709710579
1701101.5835119667
2518223.231931937
1835337.6053719393
8456275.670707924
4756176.456413957
3775685.533193542
2076074.7987197565
3569547.227298269
4239190.023430529
2748619.721203933
3185468.0121395024
3101005.188808001
2276065.5014303382
2709555.026668462
2095131.730781232
1713993.583027631
1418935.8342472673
2548868.630452776
1805297.9949730441
10517589.21452575
14767464.46347124
10769637.62811987
9018962.936653472
10964251.852035627
17300208.767673314
43106130.83295412
62098357.4873223
134449707.40557256
257567918.26821956
300132989.14222807
306940055.85197216
487489356.2363394
728129062.3782978
1144682455.465217
1967057531.0426033
2590576988.8092895
2826293800.2876387
2412463556.4624624
5998970464.922188
3916110309.1075377
6410519722.9190645
8856802236.622496
7115106095.11367
4685389376.001045
3166472141.99393
2442347772.3137727
1915423296.2771034
2278333778.274475
1702316270.057529
1341834318.7426548
1117748619.679478
605067387.4781519
412988231.13088834
240664507.12773284
168190360.12798017
67177080.1885255
71550885.64991426
50267670.40307259
54125964.44899951
25066686.12425183
11957666.44771366
20338417.968286328
8860212.820433106
11335272.174365353
5839263.564162364
5410127.722149692
4332871.575879977
5003663.645995919
5727884.987919681
3956007.265471197
3417145.6087889485
2334380.5464543668
4844184.11938074
3715771.758796995
4242496.273743817
2906112.153125364
2182987.042637958
1144372.4356714152
2779835.231661881
3374985.6235370566
2277303.8203092245
1474815.4527724953
1945076.9385962426
1367299.1087149105
2635616.0824934957
1201144.4087007002
2421490.5215393156
3668409.4723111372
1652031.6815278486
1062196.0142756102
706007.7276756036
1416865.1655170154
1153761.6264742152
1585757.172647615
2264549.094256981
2114887.430736294
2477797.947473286
1002228.9076913752
1841751.7775519707
1746733.14390166
1411101.357025916
1111085.433082566
1169351.3065334654
2610660.7487447895
1320591.8337758349
1501027.809838563
2112365.735406627
1609359.649880127
3305419.8952319818
2216722.280777417
6615361.46432708
10541944.57191607
26676186.96644657
40516290.41910343
50287867.352919765
436100701.0590167
769041425.1565801
1256051143.5797045
859260660.8300226
971037462.9644403
1895342439.4618683
2619793754.7940707
1561366760.2862284
1164170063.7031305
457460240.04361516
60158176.34620521
12065879.663361898
11942190.211389689
11145486.526266223
9778114.001774114
15508245.539858183
11867311.009073557
19774352.721622095
47884435.253601335
2383538941.7356663
12409642528.050726
3547970763.7900643
6348032893.764825
5560760644.658946
6208433621.673809
5948665315.3470955
6099541409.760405
5587320070.8928385
3191602266.1136036
3993849693.6313047
1606944096.272842
1711954569.858675
5240802726.662973
767226630.5046618
1733797478.4959512
2458217045.6962204
2292239675.4528646
756792701.6349508
565719875.3463866
342270908.99140424
427681542.8707388
336624125.3810558
307726408.5251959
358014656.6371153
424611117.1445142
394226683.94303566
315499381.4322425
222661508.6817432
253765666.3491668
282774174.44507056
388757325.9245771
498093679.4087229
717852991.2007921
661810429.1524601
584867659.6427287
451429611.59255147
401559790.21946317
340147077.33656085
320332311.9271825
235320516.15619132
196862106.0921191
246811598.9513579
268444954.59209037
305579529.3424073
259610989.13662037
178846361.33614206
95175287.68150356
47001822.59984793
3284644.73534791
428428.37459878414
321366.7320014726
270647.8709641206
306906.8526951039
318467.2199724704
184746.324049145
327727.7097887482
137197.79848721184
121990.72102625274
74837.00810657794
142152.5727555808
174475.89203336183
159291.01334690882
228006.91981394633
113794.28098967532
116313.7093612462
158511.2546839786
99459.1897600612
109044.30308108608
133504.27033584644
157236.8016433931
111334.20766595581
133327.33278452288
247214.71854972147
159713.01589796873
74813.86780259424
104566.29083473487
172803.65791747355
227632.5946845297
97819.84105830715
131991.9136331034
138785.467615202
180463.2655781362
72531.8784705532
193265.8780157104
82310.21525524494
116535.22765304963
106530.08570104092
103411.9391965393
161895.12487032535
134674.7777898757
139529.47001878684
172417.3077972299
148056.79545032105
114210.76994463417
413608.26996501954
3520068.515476278
28885122.490900453
99162121.52949806
232307936.78602198
371232423.2653401
468315449.67686075
508252470.03545624
721046891.8333204
820130139.545774
763368067.8281794
840288149.2400297
327475810.4449795
183743897.70998114
138495769.56466725
94807158.04619244
169485562.66282347
20341893.392098155
2343852.2689612904
2649066.1707552765
4069610.263774809
5499514.673263712
4067298.214435383
2612934.9906868283
2577983.1946471995
1787079.722991456
5095386.518859171
1893488.6399630916
68933029.72764961
56588779.043686256
123566654.10893147
731177373.4284467
4008131380.1113787
5010507967.581162
4724051635.37916
4113787545.6071053
2906565268.5323377
1380588409.9302416
665510494.3967985
1032403882.1198674
1654384124.1649466
1532244573.789372
1397948979.6722655
995731046.9113183
823977962.2308617
774062168.598829
528604796.2028031
169791481.5425819
94442841.90985441
53065970.16944518
28323282.771028344
11894146.17961075
13247338.607442735
13603367.43689631
7123077.613338624
10333981.643818235
9482534.709001666
26919750.830434788
3173101.5944991973
12051559.380651874
5128605.01875838
5799846.413957502
1526364.0901231342
4426344.640934997
1043907.2363533059
766895.717838426
2000687.1827420373
1077156.844752213
914387.0654233645
789399.0193822063
833552.5905061273
