428113.204864075
213228.32547637454
192254.39768645994
110465.1249417307
164966.27446245094
350748.3810924749
137874.22766335605
179533.64677176904
201445.79557802153
91238.78577941516
395915.3845264097
298038.1240316446
175879.85589050184
201610.73934867856
153113.46789316856
40311.19599576134
201757.32854903163
608976.8076275742
240372.04505954208
651262.3680428966
117615.02093436397
218221.08490536266
152994.38705015273
853707.2343342775
2581038.5351262074
1525737.1268981895
121723.13938721748
1405553.6212851712
634832.8568848547
644452.5041994292
2152461.382799134
609632.3569348615
302265.172728582
1489123.7157297523
314194.60740027844
233544.8026937424
140682.47293376471
98340.0052419161
1176916.589881079
479816.4611020992
215215.94785133842
528627.8599556182
436855.68806454766
204572.44860152347
294544.89273994975
527987.9289134315
310716.81478563795
175174.49731431098
76306.9196739837
104751.78255982076
488784.8938319621
1099253.0116661813
234525.09438409968
415321.27069945534
233870.286623081
241494.27001624415
820867.616055569
270264.7591191746
698707.6104638701
215121.53468948053
424619.31763268687
243201.2929542103
299797.95675838547
643605.0188079332
127271.80208125986
131725.08770284982
265607.61660955363
315426.3728865988
613739.5432930125
165855.9965731969
537014.0926368525
388111.12558869406
369373.5640329775
454940.84842875757
284898.4716650696
720227.8155829482
838864.6150530851
583476.7641309246
1239061.4646155024
3185894.8330585863
2583582.342066378
1633390.862927325
1326385.3554793268
1379170.0968782897
1738732.8864836332
1804729.1322875246
1186779.6026378802
1161690.3896968039
1696630.6336160342
9376544.051218452
45578314.958214484
183733770.6657
1512238667.799058
865026115.1612118
10810313562.132877
11745112399.195763
11107380828.647005
11798705057.880896
10941279703.164568
8042795438.687431
4034534992.5847154
1303582629.678377
229780090.0027254
257840774.15882167
414438040.5297993
319361864.010742
186392169.1408548
615995477.1252909
2498091545.7317934
1535964138.6532369
1517777705.3301575
575317151.7403407
149412284.5101548
40184220.42277003
51435908.77896772
89373805.12363805
38128464.27754021
456216589.5092156
650416349.9968013
711847027.0627108
358054138.30482626
288354960.9173337
353815830.3310433
1238693017.859063
1678861887.4804769
614886929.9870493
514928461.8404296
71735431.0672504
121470001.1015566
191071821.71561086
183324315.5607473
156201454.34494084
27562844.29810863
459824452.30319095
802991833.1080678
954303124.2423604
1277098622.2182622
1083099689.7834601
494647502.8875025
47880327.03368171
115673708.99803285
56368994.061042644
577365899.9367784
1289032914.3962424
2030765581.9302552
1728051703.4335663
2103179905.8456604
676947642.8191179
130292818.25404754
31853732.699275255
53494688.75219572
603667755.5545819
1265511781.9889162
3783347745.7555313
4207137540.3574944
3986678210.417461
3292222195.0134177
1842954168.7305088
1866211678.2458708
1294620590.6381721
923219009.2914338
469391962.4165853
151379544.52609554
34112029.690799095
12918933.319792323
7583190.910746783
5503089.313529995
1759543.9569125907
1853312.509137707
1019789.8404943029
971970.786580676
628526.5411306066
