7461.11547878256
1330.6532847510314
4865.691928200146
5113.667796583068
36793.4573654572
44109.06472855773
16418.80711652726
7068.733397956274
7316.1533714758625
1019.1304600275447
2592.145977471303
6755.802849941419
1237.964925141401
805.0218778549142
7242.773707020951
58.56020421284438
86.13778599103841
17926.1847605444
9406.990078480732
7353.2746860392435
12700.132703126212
15561.436401529547
5511.8820793899
3400.661009104931
2372.069193983865
6401.5956885252035
7484.895544023617
2293.388637695487
1421.4695490042668
1107.340909474067
5080.207147654155
8844.526980034394
13337.47657711121
2482.011950484903
2391.2887109020617
7707.218409243817
6249.086869707083
2151.857553605824
13894.329761131095
12965.443778820243
1539.1098972632233
2998.131456488059
2094.4251715949467
2118.4275199136837
2462.051727048061
2862.230389425024
3374.0311991603994
1051.6563622716521
6118.063198902009
9395.739051220022
16424.6963630266
16897.097098165264
7796.017665379907
1893.9031770518661
1234.4830446612746
3017.517180094076
5807.321925398222
4380.99779959972
6443.616897981101
6199.163497995366
11275.983192837755
4417.60935359391
2582.4672542490493
2575.730351617679
5521.594425961693
6042.294962022419
3935.7326618552033
471.8979978214425
966.1180730589364
1560.531721237113
4774.001556529254
3219.654929550273
7697.5114464480275
2973.339696609283
3422.357343775371
2611.0683937836397
1060.3842889651373
445.08298250051257
4590.5415024085805
7479.545152699815
5698.014043280257
19896.09482729465
11601.956766273966
8551.940982885339
8241.691097278574
607.7452698189398
2073.294249744294
1859.6355003956369
6975.732774816643
4081.879759245821
1140.5083330863858
869.517219655335
1056.1344527025715
1657.9840535091666
1544.8280222164217
751.8186251618066
714.1537865064843
772.5818156672516
2434.933296693415
2394.270378954885
2416.8598033587823
156956.5886003177
2694883.9572485248
1129517.7873606302
27288.880587833246
338.986915972309
33096.207576106804
36773.18993969129
872.2822950807584
972.2845968986775
1720.8868624782226
4374.899420119558
6900.163395419159
14879.152078640142
9594.534830049923
4047.807182858899
10927.99657500692
10825.683822415878
16070.378578603613
212949.03701951655
384099640.50216097
16447824626.41618
19745846796.144375
20389543611.473392
21076139989.715237
21695249011.251286
19333731595.99853
21729535865.76837
19894880004.663677
21473078570.109974
21281290478.33827
21649324033.370464
21637094215.06017
21750622387.786335
20790243660.171356
19490246006.35769
19334101258.697807
19339349457.67386
18662356761.232883
19667144576.625053
19889176726.78665
20059632002.246204
21405782117.861557
21989927818.34612
21789082613.94907
21005788749.980396
19085040535.5263
19781138497.71686
18286994848.43138
19133112550.230644
21839853277.44869
20842453031.32349
20744561838.210953
23860465462.39306
24061312950.63193
22315342786.259556
22403359651.136024
21223583250.30907
21630195609.716793
21610449811.853413
20727587053.805428
20135995247.907257
18097831451.66085
16418261636.438374
13657105495.054
10109943867.500967
7402020082.12124
2686037877.813542
2096417905.4916964
1235203271.6786168
954984200.383889
530697758.6460589
250423436.92383903
53414328.4083177
6167602.052655115
8340575.014802424
3998965.2336520148
799538.0068096981
232092.5666529105
104667.73405359672
58956.868467912325
44686.21470095315
31444.878461902455
15728.806431923827
13007.508713577905
18945.243158978377
12832.009748823686
18929.260979396553
21456.145577495656
6941.959359316754
8309.556748484885
3504.507945635702
1784.763435352838
962.8568400829627
4962.216993015539
8065.447216609395
49132.07235836263
2469.4762144954043
1620.9825407821836
20216.262763515748
11525.875541566169
260.65362094981333
378.9072504980248
459.323338847091
896.3154045211216
1935.658629017963
2059.023650896005
13637.937124151676
15862.287563199996
10974.21806771385
16101.002762994798
9041.674486337606
11615.760994684022
11540.242822621865
33623.00097248697
20292.032380446424
22670.75932887825
11067.074558900818
11129.562885508729
16216.912323837094
22446.35527899871
23462.713898248705
10587.473552212761
7881.744021360618
3726.1603117873988
6919.59586492844
7626.729906991286
24833.225197739688
26366.779159817743
30078.96980253242
24653.725765616105
20405.508993219653
21029.10365590978
26548.7630290284
12397.320806370262
43215.3334587543
41986.41208556556
38429590.73098896
5277505656.65674
11204189688.985373
14847160031.70964
12699161870.386274
12548346022.94711
18471119588.746822
17684398481.485714
19527735372.90062
21422833618.399593
21410931348.260597
20374816886.446304
19385270214.921535
17763500731.99554
19353177551.66445
21371735442.18525
21127812768.272007
21476438145.78853
21534758635.22535
21208200193.77214
21987124078.14634
21916458723.3731
22109208122.26069
22485358782.191643
22699390418.283356
23924512693.225506
22427646224.49491
22573576087.71289
23340067569.96136
23133477660.936485
23011968728.187065
22650444802.2615
22419599343.271683
22421770797.049263
22146527564.072933
22722223611.51425
23538352894.578876
23061152814.40953
22168985808.534122
23332811353.61205
21963106435.693665
22454156691.904835
21969242800.78131
20932659418.951206
20623053171.7816
22169880806.159412
22648832179.0945
21320722100.933495
20524680078.96702
20572630515.957367
20310403030.160046
18972798669.98535
18978053130.253357
18296935664.14278
17149076033.057987
16685695591.914478
14924499613.614893
12194327888.851622
12321763255.598598
9854599574.076876
5610846169.445953
1572189979.572698
1653514008.7416248
468041489.66073805
56310829.44802427
48964706.04864066
20415738.257634424
3974908.6692817034
2879622.357334478
1922638.6754857707
657506.8066329126
667655.5661315925
350170.17086958047
193602.8958011502
143725.74959766355
84688.19974762437
82535.2761120886
58903.39442616794
29161.721420976894
27691.989273221934
17982.619634060244
43826.1056240129
48104.49481119823
39116.3834540605
24574.69679442224
4279.762013277991
9310.005753549796
6906.0391649270605
14039.089053968488
17844.77797528309
13000.059893647582
58665.34392781731
70824.2338654927
33474.96963240353
35993.8991138334
22607.824016426963
30672.66129905398
25466.318825066977
39776.55791048366
47882.27468309947
93224.58497487026
102332.22814207783
87987.7986138834
142096.4193624551
78036.6939839351
26699.63598673958
47593.07977552867
41502.11192743066
20930.283291861822
8148.536412334563
2214.8086354019883
4969.276186358577
5801.451260961678
947.5922934122876
3859.4235284660194
2555.8741051384764
4123.556182813184
1894.240891469226
10630.479183098036
6782.377017286677
2119.004044069002
10925.22523431868
10591.753466190867
3097.0256155593406
3260.424622534882
398.8269938790723
1500.668122980457
1222.2280475911668
787.3981069732603
2829.9442409702597
12012.36189021167
2958.651196588042
3902.2310869858748
2403.16560386348
24518.690773587954
42551.995654633996
242723089.16185492
698759468.0730138
1121920058.4555006
1725672590.7899342
1921296860.1751664
2775513585.703878
3202619982.544263
3063538403.4796576
3213695316.021832
3175094561.434404
3332121961.165246
4074066746.5612426
3432991444.4822345
3482927542.9347463
4067553681.2292542
4087844228.2325387
4420248655.45022
4842236236.8195095
6274934023.632591
6631263561.426285
7693251348.579995
7211502875.684756
8199533581.539837
10378524221.393328
9297516285.688986
8694200594.320427
9128763622.4428
8769551025.83818
9036710320.786558
9335922042.712484
11602423199.68305
12193540718.61332
12096251232.536459
12711991910.510609
12638313440.439539
11843348314.040392
12073255912.919468
12699429659.05933
14359828186.667734
15087977151.939793
13982613988.944077
13592914820.47888
15560693259.710005
15934310073.229422
12796996923.677927
13845066260.799894
13881028866.530916
14356385784.124687
12833684407.90042
14763245411.790731
13826439631.6559
15774506403.837378
14594034010.214226
12918727246.893364
12493650252.115797
11520009789.214113
12518841084.404074
12896377105.777224
12623662930.391424
12116952736.106071
10951551406.178307
9870276659.014421
7560207693.915109
6368901476.961773
5013571028.133859
5101286217.304075
3841406010.3131523
1862410421.579084
868436542.8139837
435722188.43930334
172892377.91512087
36598086.265909225
12325492.65577415
6729626.949482899
4225674.391356499
887732.2765851669
377447.2073014757
165819.8926060094
94076.22398776184
107999.16794502424
121493.70616898473
88886.80640468276
44624.6630402825
21230.45051529142
23989.186082087
19067.61728217637
61371.84138721909
48317.4429994169
18518.573686610205
16576.373859302228
3466.38706282348
31650.086298636896
30793.01073837088
16199.74473543599
17705.975018083453
4864.315002514807
10212.779146045255
9042.686093753935
30689.328792467782
41637.87077266327
54207.81097971298
21651.554170109204
10379.471635745207
7660.988219855657
15089.031108750163
9719.159880256926
7728.684022544503
7223.452299462767
6269.3354869528075
6060.4084365468925
5827.00010554227
3942.8893744234506
3185.0830867013224
477.3771657167498
3196.3271637108696
4231.72783098898
5467.960086132159
5030.312842260655
11553.034923800737
11705.826130519406
4776.393335334698
7815.976083827194
5813.511833886593
634.3670182853684
1879.219969207715
1016.2738560733003
306.4479186841568
339.93539224510056
35175.81256504046
162275.42137258113
243945567.57004926
2615433293.3757806
3187368606.0866237
4085792174.9280133
5959246244.969202
5776192868.817525
7329514708.3080435
8987232987.934328
8842445847.177137
9440038006.964548
8206400350.102715
7613544804.99735
7555313437.507162
8026262173.237619
7958502595.234212
8241732566.893987
8349833485.006628
8677179497.022741
8511953323.048501
8298066163.075844
7808765367.222938
7982169781.739646
8351592632.088699
8645491477.656757
8937776614.915213
8434189096.955278
8774677290.714302
8666201585.863409
8359287903.270502
8380500761.725612
8379468632.98084
8733616301.358873
8609531758.146132
7842108221.421542
7761047620.2251
7174901719.441243
6869804340.83045
6958637750.614718
6734028708.734744
6969792337.113575
7205267658.301095
6903430116.192957
7025724078.527162
7186093765.348652
7135606738.446025
7054096437.175253
6619851143.262308
6246690100.291272
6303488375.100072
6462037717.421601
6255255469.018832
5913707344.197478
5875697065.302116
5167485297.220498
5119505117.094212
4253447707.516628
3948657427.8335705
3377851613.337196
2954894315.5007687
2513740340.1472597
2327382797.7638273
2039682059.8959515
1226541278.278473
306542327.7322749
24353585.45681518
4516589.777404871
2999671.846110243
2224297.5967970807
593138.6198856069
28349.93288230922
66937.78982535421
65115.01423294638
16371.301357465578
854.6642574278992
19799.293939554278
39462.07730898495
98364.0359794476
28206.92122674122
9125.316513138372
1907.8995408481728
2631.817438402508
5080.753317521206
7627.766112845786
4829.302822423551
869.8725382128171
743.6389113882561
2087.199636765485
9272.16235945158
8595.695964378268
1875.1267104665662
1696.389936606478
2877.3210970945843
6869.73415505964
6345.6341468329365
1385.0140924224447
1815.5279591085175
6539.392441172929
3456.6118850692656
1399.7024446964022
5388.353194954008
6999.71056070634
1291.17757164048
1144.7380703037486
546.4001069987587
4727.027964869573
8500.666869701623
6832.434843465518
4222.68549114684
5379.610003339576
605.6550588856176
1012.2918691830166
524.7999818290956
815.0225858405607
919.6050561119546
5097.9363923572255
20506.05192156175
153983.8379590033
4311717.56828888
1863194890.4766245
2729354565.6371446
3151304133.8479457
3801781504.336578
3866330513.610565
3995653873.496451
4030374198.4662337
4495865952.189292
4980883178.525334
5343323820.167676
5344685420.003335
5261639228.600989
5294165821.182081
5321940707.750993
5463353947.8428335
5431939685.853055
5328086182.923208
5377787256.984817
5440170030.151716
5597605452.742972
5847648073.205975
5971162139.110657
5937029525.638413
6085695341.438637
6186468121.685597
6184775766.460213
5947745165.362707
6094463187.747124
5994020669.358489
6250305395.928826
6354097846.787096
6505489977.718617
6476129005.067081
6333642982.032582
6226685419.92087
6232423594.744262
6368503002.417876
6479126601.739914
6228760480.891065
6423075908.5740795
6183543172.7780905
6084121467.664285
6277621574.525342
6249150378.951731
6338381539.6748905
6595839542.01485
6591283954.20405
6495022066.047698
6574940063.434625
6443875052.237627
6273909401.252442
5991797339.537429
6063947651.445199
6038650970.3424015
6240475962.227277
6147300885.641336
5701559182.468149
5379890740.797117
5286954861.960297
4655846121.99581
4122211027.209542
3527287867.428879
3070872718.750985
2901362609.7181377
3036845038.562146
2151936921.064111
847084851.0065316
362220598.4887388
105471789.23064665
8623455.940765565
1914642.8238077196
2524086.7274553897
1990556.5947909232
1157178.522167699
686016.8088403256
995388.4219852786
945003.7223798096
1201808.9851184448
1051948.7931566974
570294.6309212567
520303.203413028
267180.8472079791
204292.2252366561
178214.6948164468
97156.77949966669
137147.3417230636
136541.15689441375
87710.04190901472
81779.43856502713
61103.43183163763
114550.93390874016
108284.90406697364
78192.47758886084
88431.76051990541
101350.38929599564
77878.0039724883
43971.064608803936
67160.53228791163
122374.26867917019
79372.07436787167
95454.71148314585
89099.65298173015
31392.076585895964
22929.825948009842
10316.072444097204
2549.9352244714673
2935.479406784105
18206.55770875985
26233.77281337362
13318.986969281705
27398.39952823398
18910.870404306235
8272.919317668755
9512.174388321979
5488.208934139666
10899.50280934338
11447.858217062527
33909.45392095025
20591.143474708
7410.374613959568
19122.984975463765
18055.444051830884
20137.088001482614
15468.068287363289
16505.03737123377
54144.34527322284
3459322.8432774385
1344479016.376654
4234690081.3302526
5269329130.536214
7375597171.638854
8110537521.622943
10032293376.421183
13091771119.408573
13947022476.167084
13230530882.678225
15112953794.121445
16974386872.364376
17054770523.137722
17879736911.305614
18014436169.957798
17502305663.588974
18231655047.507877
17983233263.41281
17699976951.36089
16961721632.47982
15976526579.750282
15863347023.919994
15380880374.6768
14935441338.212252
15119677478.828682
15170995089.457039
16145293683.37546
15440341960.774675
15204698686.157825
14211010310.344984
14590944950.734182
13186094406.605968
13598689433.415934
12416861134.623835
12065316484.376554
11896141355.506712
11931747635.542862
11877477218.367073
13317798512.723228
12394030997.473068
11894229300.374336
11277689456.355759
10643221744.4537
10594927697.184063
10348660634.607464
10314716335.166683
10613323749.572582
10628539991.452358
10511535176.283157
10646186755.785778
10290379007.912544
10829065218.258345
10425079527.415752
10414588501.57649
10294926577.324074
9745271054.441671
7893943567.86353
6498715878.975713
5977560454.247083
5452487383.025923
3425293846.909981
1077111199.5845413
310365327.83436483
82681855.19362599
18339197.45250673
7108367.519176685
5943196.367450753
750603.3868869154
382791.2013540707
171968.59362667933
164124.30539516057
61020.222878073255
87658.94371988598
105261.90429868034
97253.96248089531
39888.17255185149
19076.330487916577
14345.43861342963
6561.492786563418
8743.130790644143
26687.10457304339
36509.03570869001
40463.65956086485
47773.29670046021
38442.00150967711
64032.948624042
39372.70739758639
33542.683883069534
33744.33180621245
12212.816280699299
6069.578281750888
3389.883094753005
2485.100796346558
3997.761420165959
5059.78140915621
9825.24705729595
6890.028221803503
13505.891119527587
14872.306810670178
13613.348616031519
3876.342818675083
1323.7462632167735
2956.5807855808052
5964.459616646414
5713.0440427113435
7500.338371875106
6072.933846017101
27148.97019986183
16778.16106466791
7991.791350967114
15540.571347611456
9677.83737018614
26946.060574502524
9537.131248275296
652.8343848183926
13328.646095740894
13207.216485426414
1340.6162990392102
2404.0361903362923
2708.3979776612596
6543.380355601873
6480.267400154347
6927.5368179638635
11123.88435610571
10466.244372981808
10854.664316959223
10117.157189046391
13283.257741566302
12029.273187218152
2944.2961299421413
22769.63170107775
21309.284284455407
1848.4359452491656
2347.825193766688
257.9215373828899
1482.3565962339353
158.8709000912006
