5947992.13858913
3986629.32610207
5058372.252309268
3392281.1835152605
2985070.0789417587
2558228.8390328386
4082197.821397314
2273041.348947159
2757911.272045008
3314641.5400372227
10122546.23143545
2189006.3081529443
64431523.158498324
86554224.03169012
121655175.20435713
159587177.38276863
230117148.40478066
332960063.2938182
445257173.90942556
438991499.41792053
374837075.57402295
402133503.611533
542419935.3404903
850694156.1687381
819207354.311289
652287018.9701355
666603768.8382438
888052520.1318523
1010571514.404544
1009967528.3713657
794903541.4184462
805651534.575255
837912322.8294677
753950847.4629394
459382222.6960854
365416535.0319437
471812357.68087775
435713620.53385013
140090250.52392375
127872693.01613067
70763101.72368103
72454439.96428014
27582050.38472999
18611260.084048558
12538842.924044738
14981856.825492732
13943628.473168049
10462450.265605992
6715853.596367326
3353035.9154882464
3606208.480112065
6057861.093785542
6361279.803358292
9672001.59368025
6517812.715002493
9398797.969845764
75078593.28296961
316931108.8918456
486624577.8515806
341026006.5271511
287302039.91005
161093309.95144337
178341105.36063972
62208481.88498676
46337564.35858277
226855768.4630121
267064963.89992884
543967925.7663736
918340277.2874459
749292769.4750623
762396050.4094006
671983150.8774388
893486753.865005
978422786.9932785
641133640.1407298
534934745.79241985
499472294.83197725
278346222.80744416
139223849.2166257
116115105.95928116
142203605.68442184
89791024.72279407
159076995.44969985
16736376.456581753
24130956.219906762
33652523.92997657
15647997.689006738
47372735.20901442
11351558.481096495
14564373.442619814
6864463.214477302
8659873.093131268
3889561.462899738
4223155.331729128
1994069.9386981665
3058400.8995923894
15446342.555282325
76199786.37246947
60810667.82374816
69789830.71577746
101391030.9813679
59058606.27434177
142060330.64932963
113680933.92110053
130358119.56262158
112055485.95523809
86411363.33643904
139786339.6893513
115901381.45416434
141049292.86008036
207016204.91811585
116761643.52282342
177007548.01850992
119883847.20757525
113315097.06574959
120731629.01571512
71545446.01955445
149082549.09864956
70902670.38538975
132522277.91465734
100645762.30064468
100248559.95612958
135349676.21141696
82392874.48490764
122789838.98843455
71374468.00196274
110001173.19409852
87170338.26354234
55914717.4393619
85810086.84804636
37846653.71456062
54669614.54602461
20412270.81379395
28004459.05201234
10898336.978542555
9118940.36901611
5355211.830656592
5694652.990205237
3212602.98793907
4773616.670679014
230449098.51044297
209568881.6555385
198044479.55633196
334222155.7019051
292117689.28148097
320650909.8734651
226506889.5642771
154315621.93636835
71815681.10695204
47003146.7161533
20927537.671730485
10270667.120857878
12004874.192965621
54141776.286735445
207946355.67934486
269140840.29159254
170854789.45829606
181877978.07902423
345283711.5305445
194207103.25757438
434284680.42991143
228135003.56389245
238742466.80823627
244235069.068843
232273561.4602813
305287582.79470855
134974908.85512674
211670268.24246287
117916929.28458993
193255408.07262197
64878196.05582223
77436329.25305688
19493409.494482838
49756252.747776754
25580488.04786197
14715388.889080504
5086189.726069959
1913487.3247747056
5463463.3617432695
3991126.158894705
2546232.415742977
2270666.1940947506
3245254.2510649785
1803815.4803529368
2253733.7751243943
2409317.596781112
1870911.1668381004
1814544.907638156
1652637.2588062747
957964.2625244372
2251955.688122225
2867424.5453811665
12841662.267312042
7369696.742036175
2548685.079366848
7649936.078982822
1838012.8570601998
1614363.4644990508
7949830.9830459645
60306632.00819962
156408026.90356547
115625085.10958888
55482811.61092441
14692948.031155303
64653084.724947914
134579956.09808022
180306351.8388502
275289945.9888599
473970618.842118
713075012.4656864
990326215.7643868
640770287.5024235
806620789.0949514
687751803.6862038
331902704.6505472
92300522.42336413
285057410.1424899
1101160836.509468
1302527327.315832
970744155.5470984
840357338.2095532
699393856.2052443
517817148.37370247
281000349.5905406
200382464.41829413
424568724.37608856
727794103.3908308
743336453.3790519
880045799.9568819
963013315.0600849
679525199.5140386
413793217.6762596
42211669.52492194
47273250.171593666
11766982.608865561
14862057.260308903
65158281.673117824
42526005.28370356
25407882.611143023
8339020.108023462
2493147.471125711
2568284.6299296017
3808364.981530083
3461029.050855948
1961741.0504225476
4058000.196955456
1781296.9914906868
2415485.784412993
3056140.9634994795
1953827.8469597618
2553986.8947619447
1365165.6627259278
1514475.3391226134
1061758.2196744569
1027313.2940331099
1508627.090614544
648683.3161919396
2521701.612881517
1926915.0317274288
1759452.7069111161
1795218.4168310699
1485016.3604023682
567294.1181669479
1410070.5604214207
1541369.1077720965
1594602.0101282832
1156108.558231724
1535564.0748195455
2926444.401209856
1935557.3520919248
1086101.8606053356
1978808.0948502833
1504067.4192992963
3136219.5668671266
1776318.985299393
1315759.617654306
2845214.6885677814
29798667.232135158
59190260.818909235
56764780.81991173
80600763.21940438
81112640.32106453
83509853.9908577
104658810.96520881
65121082.73994638
82150588.64256896
35782810.45623852
66128382.02455748
50655286.51507542
26651388.128422122
28909868.800991002
22004226.27905085
16867988.92746811
5537842.024335694
1038157.4830348188
2228680.2829548996
2999377.9739495274
3922496.094514501
2518797.0772869764
4694949.352944422
1844376.4521519442
2119071.7148790658
5012614.017014189
1123664.4654605535
3043335.4683567192
3014268.183603253
1416172.9486858458
3462059.4700771137
1049744.02600328
1749264.5770914324
1776817.5424308826
2167607.51544776
1789754.6289720007
1405036.2069710519
1627243.7024786475
2017583.1291330669
1323146.5256469771
1984060.9128285574
8814995.577000562
93613185.45288225
118688119.34840266
141323911.67713624
132210538.22581635
127679768.87727107
96375667.88843684
92146684.68340427
99549912.60502532
158527550.59279865
104377364.98370282
34906769.94422953
94229464.37567675
37220542.29628302
84650260.11052091
119877883.68128839
136200114.30978727
68816279.49047697
29146279.370967023
58319814.828731745
28088639.16957615
7163469.892999254
3402826.857052364
4739986.483457396
3860532.693504549
3101287.4979893323
3610042.13026104
2023393.0469737488
1852420.5854189484
1171346.959847462
1152082.7796338832
732623.3154242029
1470887.7175944676
2168656.561999609
2055404.891551216
8583959.95692527
13362195.857321069
5875739.020086462
3737737.8329284913
3473023.5958483284
21467555.89902738
30656347.922740467
17539686.383973174
55468527.97194751
59636963.17755646
166449063.9985892
230081974.3106135
137001045.59003016
113283160.50981824
115730602.87177698
107014212.86678553
82961658.44789514
174343144.92618877
145639744.25028983
117389713.78701237
108311603.44404103
209844769.6158363
364689556.07740486
203865271.42154276
327753589.76727796
244067156.473379
209078369.25291777
120179062.80385605
96754399.69873968
28303344.76787706
48187519.17133303
21246572.53877327
62484554.78124266
86486115.2575987
91972863.47557312
86153791.63969931
65939646.23161479
29900670.058589846
38712402.08888671
3485914.7214088747
23193601.777141396
4345247.591259029
1127664.6753903248
1551614.5956923524
3598102.654030299
2962365.7259982275
1575210.0161912648
1364419.136453652
3082265.64016296
1081649.8425596752
1101303.6552296367
1661550.1759942307
1400610.4373239332
972602.2344669459
1796775.1648190927
25586191.380853362
49589806.34678591
28734950.504894078
59606811.35964895
49505616.464118555
41646260.32179419
47895170.70067238
76573958.32920727
158241582.6834091
121785645.36109006
240678624.2613663
266741176.5396653
156740254.87304372
101652834.42613186
179992800.2345958
134878370.96342403
31578337.79580502
46386192.07856058
17036245.102147907
12480305.512308592
6799921.343080124
4886581.4486528775
4010945.7903001127
23139940.57518582
7140431.424132925
7476258.633346446
5411603.044333557
4052748.6681216983
5442720.468779207
43736448.38521215
43768257.03570603
60805947.2040558
15503986.649436276
31172321.749662336
32471936.422217865
32099474.62817339
34966237.92878936
34237956.06124814
18768130.895410586
9857794.620016364
24240286.366214734
11781038.557732075
3952905.936930973
16389750.93515719
4242846.48362523
8329571.609788795
7030149.242623536
7660190.548680123
2774807.9718889687
5972737.194378539
3053630.0452245167
1383441.8934563552
2368035.105310594
1396471.6282241417
2056335.5015876708
1318100.0733012618
1358025.8919995676
2255679.4711185344
2281991.627009993
2509036.7831813344
1327992.907577464
1807016.819660851
1551386.3282163828
1418910.8944064847
2394993.0347644417
1551914.180858235
1412604.001740722
1599528.642040447
1225765.316733802
897385.5772574357
1035419.0237409754
1148321.2969011527
1573932.3180479996
2832989.9478590735
1173268.1689634335
1605799.2036415008
2964813.429136467
2931892.290563416
1718927.1938493815
2066916.9101131626
2776343.6855445593
1483395.3805916244
2942453.8050505086
1914426.6402473042
3181752.116492649
1776189.0386160691
1585506.782056706
1681464.639829611
1179366.1020417474
1582155.021504618
2132615.859425995
1173989.1608097577
786600.0896394543
1524691.0969085149
1619954.7057588894
1223026.515713112
1531465.4290986392
890341.0024998479
1569448.9881920598
979511.4364610151
1262568.531823228
2165338.408044165
2272477.7479471606
1279906.4182920349
1589296.654093082
1146793.3226103967
1254458.5446286637
1069437.2375791462
2012659.5989461003
845931.9114907734
1179596.3559410851
1702138.769050547
2387697.709626747
1946043.1785738515
1307263.714723808
2503520.732925409
1258698.6210673666
1508263.0525940196
1224146.5791418345
2067641.303400056
1621837.1751634483
1330259.7297738355
1397124.6070262613
2007677.0914085845
1071109.4326843955
1893618.6611515698
2179920.538134591
439095.61354386824
