471162.4000500935
176393.89925447453
95274.27494272974
118311.7790409366
90451.79824226166
111872.7633131155
105452.57095088241
103848.497447541
106842.7582553252
114492.74058671306
87374.9702645788
2349.0198754635544
1338.852326004317
1939.4282142874742
1952.61688172064
1493.6649686201786
1565.806795021753
1556.7034232294247
1689.3933831884742
1718.743009798349
1662.9199143687802
1517.7023464027254
1740.6936812329875
1782.6290541069814
1690.494760518674
1227.8594981890133
1746.704904417281
1938.5181396995154
195338496.95729738
130164268.95285662
126415587.13451944
373247003.9866928
426238208.3427762
622114094.9191071
596255853.4802858
463704882.33419573
705882229.7294178
413923024.47222316
237762613.41932276
62850774.31289494
168021442.77635625
3847255805.548797
2688774178.827019
3761451386.2193837
2745073859.584835
3071183857.054195
1998541222.063384
80997948.94688323
67859966.51361872
172018836.9131066
1027758854.7111815
1209561748.6458817
329037465.9349016
250881793.96287155
262714870.83595863
202070330.00160086
17351349.617325187
7345817.230073331
3562054.2071994483
8736098.487686237
84441537.55980113
61606564.87843177
46751897.796435766
33340900.351739716
19451701.488742795
141906145.73092547
157888274.32673857
152701208.7853551
278030632.5318353
388226857.3956666
338044969.29509145
67100275.28020366
25314911.45276018
58952401.61905683
50536193.06015971
70445603.23148729
146331681.08694434
470418809.3308828
858242205.5493587
786661774.7462184
890351591.6320109
124981352.5709019
103537748.44351476
1165630273.4681556
1493076336.070312
1423892504.4557617
946078069.8969098
602344019.6619468
565966988.7017062
665283039.8597494
414409139.37599796
356212091.65528315
239678355.9060754
138441111.90816057
471568678.88172126
925867452.2523804
1149135749.9172895
1033628375.022149
885313119.6004934
787530710.8643996
904531334.7053994
578573939.7967849
463756291.6651314
312349485.3858142
88071461.58009285
18815537.63037236
5101655.94946291
3301228.016209532
3007395.5476265065
2921530.945995287
1337022.9672290706
1940069.638106327
2956205.03624568
1616419.1915214015
2279170.5039500413
22699886.77148383
155356720.92971817
7256494.8247495135
6327529.525546206
4350313.280621911
3397268.663383842
4730345.555816252
3814097.505221756
5664945.989535009
6126129.704721402
8480287.250602417
11392354.150810702
8927897.88660617
7244818.790499225
9186030.030599164
7211968.162896803
4496999.931411225
3194985.378870873
1759206.9761975778
2953123.179324832
2036116.7704444525
2090176.1268712599
2425301.689036347
2729745.4113908685
2300974.6112292423
2363770.0626125103
1994569.9762215824
2215438.7943541883
2426029.557177781
1687275.5541296625
2632644.972517897
1650420.579796849
1701414.1688054895
1623918.1253576602
2002000.6962861267
1695864.8125317376
1941809.9557723855
2529548.0975447223
2189343.5942380745
2585681.0087382914
3886987.5228260774
13384230.145694006
23803230.267159313
35733110.187648684
133864156.87137634
193831030.09318066
551556021.7159717
3454124088.1933403
5754906644.066792
3529092709.23227
159447460.0481461
47707458.852138266
18333756.553069975
14287189.78397624
86695862.54532036
410822350.8275432
790908115.1077955
1402453324.2549584
1042800947.5557064
41385341.69719524
39594826.91219267
162337057.11484754
753116703.7361169
101916713.74227321
179317027.39039952
163805068.33141664
564017885.2535361
141828131.58295503
2844522419.7417297
10185126926.770954
5681196414.014947
6910242069.054788
3356980424.0465713
1387662510.3321624
2706578946.5589957
868357343.5873932
463733723.2164445
193555167.5450275
122232707.65652546
16386864.331307128
25685196.304078866
7675373.2510262085
3854313.694523541
6341186.5841396395
1317332.0161451623
2111386.0566789787
2662065.7487253607
2054698.9592835594
3263590.555097916
1916459.8341539255
2225437.6734588007
1728440.4687075522
2606229.4248859813
1137030.5048833387
2056455.8295397596
1620028.2524841866
1360202.5568100922
