1188311.2610691024
1552192.4263747758
492753.90229809785
606266.8771834635
658284.1302412923
1296325.912091339
831801.6677700795
301088.04332727357
188497.67510906231
107116.606873186
370737.0528528957
171017.25328279924
49826.76042029504
142531.68475635807
433815.14095494995
111850.90865776651
104868.0799026099
368005.9526158221
187443.09810453036
505759.2899149427
218519.12453357124
206901.45296803722
312428.6104400864
915592.8674295521
20573037.230355613
438090147.96339554
2584383882.9704323
3583415555.216212
3535949144.5846896
3762682798.37733
6926813538.548377
7418157790.711627
7442687881.180148
5880509329.930085
3321580727.6526985
763815831.2210898
225347633.61021227
138646114.40056074
110166102.95109503
46664636.10210846
77146531.2428703
2403558172.9457483
4001311033.663983
3362904901.511007
3412480193.632872
3752421969.467281
2272757823.1370916
2742985897.651087
1969352134.1464853
1059822028.2164217
153824001.57538864
40695266.6975444
16758474.03940669
63666348.23638882
31839687.45266633
47865248.56548148
11006984.457874035
428049433.30372727
2881103608.418662
1361264379.8783593
791944080.0037295
1212595083.868246
760890014.4255089
536481207.8119285
505995825.37868595
615611887.6982626
392371870.5120986
77177223.0408425
14666142.873504236
18428896.784218684
413480635.16065234
937677934.6281854
2346419533.5614204
1970251191.7481735
2436226192.2760763
1879766695.8881571
1902942888.2491784
2897761639.6623707
1189148555.2790062
135878928.64829025
78036336.94195819
23097569.831090808
4864200.559014968
5386126.368172861
139545059.5994418
2099855541.6729128
1585172893.4289193
1186732643.8380618
1208073745.9806347
2701820710.610885
3457995353.96312
3439807263.286092
2342943722.4253564
238984481.84715807
73319877.00431873
78473745.82652019
208768799.61429963
64067731.72557868
1733805128.812837
2084609832.1887527
2272094815.2246346
1384306273.225941
1188625735.1757874
1742409774.1002886
2135809029.8785777
2873557533.252368
2592632917.092047
999523995.7580667
594441022.9696338
1019624701.4327595
812189479.7270505
1000340795.8290048
1327429819.9366758
1339113596.0216846
927568999.7034255
1714433421.9640543
528329847.06580853
57161915.216735534
69437825.35846436
54353615.52004564
161542051.87440872
270120194.15837234
283665102.6791932
338257834.0412175
585504837.2230138
472051052.7563547
831277925.0463411
708309681.0358696
372547276.1193678
223096141.82051373
5688318.152887898
5594237.447445739
11811127.908747047
7304193.164532999
44457647.10186141
193799673.64362213
379018262.0358388
475467395.2977331
245049552.29588577
93028366.61126342
16354741.306914845
8292256.144847106
6261558.472034547
2729584.802897527
2310869.216829177
926764755.980264
2588720565.8071465
1178188141.15894
1690505148.5226288
1901572617.7798657
3720723795.8541145
699771309.9532204
780884823.90132
499478729.6471843
133516150.55328144
7833641.6827408355
5296442.202747614
11450901.548236344
5165209.953501749
1711588.7509308918
557492.1165804892
753072.3413828925
383040.6666216976
486071.69179747713
244477.91997869406
241160.06404185377
284232.91566906456
68036.76825298133
125583.08426929015
353292.92341688153
109462.80299200011
443145.528486485
394867.2497503454
224105.4851343174
184184.83218515455
337306.6669490067
90454.47726934681
231784.0037591085
179724.7197025735
160406.89537789242
325239.5748416599
680648.9498953411
123806.83217755923
155569.79814952268
278102.27133309975
353602.1648311557
502778.03475343384
416663.11909389315
567705.5837123587
619977.2629531426
694431.2991546905
