14432656.689709814
10471787.648266327
6692538.240315668
6944335.518574686
8521950.711384235
4879077.185816986
6876280.194836144
5405576.086501344
9472264.066516861
7187858.082569944
10354193.84830279
7309951.840114005
7613905.2318357825
4377438.310782683
6998508.479042823
4239256.441331423
3324361.7515563583
9690265.444966398
5357999.538125929
6125890.450198607
10904639.53295661
10381865.792653456
19049750.370056715
8111620.804541695
6590488.383287893
8757906.73250578
6239797.196472987
7255229.371463875
5961032.570025972
6671764.087577119
9782376.76718686
5663303.9551241165
4391695.565614009
6000573.291421936
6312682.898975423
4729660.599097022
7134307.195092355
5592467.090116804
7072651.6719470415
5334801.024764141
9993148.79941085
4644743.710000529
4619186.561472133
7155286.8202657895
3084326.3319403976
7313397.683537619
11471970.62454489
5608911.412603947
8178198.686178549
10995236.376867233
4591826.561447264
6067887.618585153
4105666.663680597
4163097.389073441
9387120.024700277
5138014.759384901
3414783.3520235736
6666595.815565985
42735568.570902295
200882863.43068305
477029609.98747087
1316810891.9717896
5756592948.325581
17971803248.76652
11182409206.13453
6050024612.35821
3060228186.8000207
3792170502.603226
7550205545.961285
6895938990.742069
7243334702.973798
8433015881.251039
6261288918.405945
4302665993.707406
676562401.6827787
490449362.0371075
148870879.87795997
53092093.80524768
109244969.11713241
234500129.7346602
235231915.38675565
551786840.451146
1013318896.5113245
4567712838.204143
2484460905.3994384
2051556221.9690132
3741947938.136172
1678326306.9683957
2464365110.2104874
2982003691.09226
1351408238.6257813
703236594.5026681
49306981.53277492
20873333.59928288
24874224.866977632
18428130.52835017
21239579.30375676
31312935.710998867
22515743.064382352
38270811.09739264
15319058.344816422
132472658.93060468
2502840638.810523
2475044266.00048
2180215076.989226
1783540165.9227111
1448901971.024244
1339167654.8434649
915096296.1850172
1072824694.1099575
1547169529.1365545
1725377273.1156857
538820980.5719227
206273863.99450043
810463846.2250803
1635625456.1194832
5558459481.626141
5143239090.72411
6483559304.1634035
6982099867.360742
2553467132.609112
1706659948.7605686
318866732.4962572
245950050.4401147
51470951.4842021
50653758.37708524
105254439.76589067
38835644.46075149
123434224.84436238
1407357342.4798882
1891570997.8813407
1616856766.4366412
1925645151.8173888
2936615280.4843955
3835321533.686737
3435405890.8561525
3188934546.056167
5100508874.699571
7215755444.414595
10195043440.423334
9844715033.811178
7502372518.676155
7919982295.662462
12388859614.542149
5252846792.245995
2639562036.267135
442476932.94848686
142966135.12565115
52273738.989984386
81250438.87806743
50906803.08071911
43685087.222534746
33073836.96622666
22709417.7320229
67381431.39196023
876519695.0518216
3635456021.835193
6419962113.417663
7580778183.471349
6406013556.958373
7050109088.131957
2620476331.939011
1306855564.4589493
1808195595.718959
2047554527.7847104
1785720319.761018
509599508.94125444
399151447.0140344
139640957.1574246
141526314.89386976
97105691.6897163
214154730.67212582
639318217.464863
1874049534.4063084
3605263436.5828185
5998572103.496437
8376966380.953757
7779974513.590336
7372268780.979531
6988471347.810281
5479603271.049569
5909371547.669414
1446274204.019613
654862398.5115012
145610783.54418826
20538834.247116275
37233755.78303175
17502494.901711848
14861007.874090118
10463042.647263395
9579793.094121367
7014325.105168052
5896867.693396695
6797004.489776647
7487248.165566476
14301257.19826634
12151955.934676161
14325202.176858518
4638993.261158105
3868982.8002320323
4007706.569881687
3707146.197272129
4150324.9457670944
4129761.319056405
9256183.311750952
7392066.406909001
3538989.60397097
1960461.40489926
1614566.3148143613
1898384.249355592
4346341.782985565
5015791.983632859
9116582.488450198
5607967.937512863
2405084.1755456477
5283521.256535628
