58838.405842275446
59217.821600096824
69550.78828747367
75113.88303951682
82730.81453583257
74724.96485578376
62280.00935795108
60063.21692366235
83637.76231683546
62126.32775002776
69063.89664475057
60543.30680799113
63279.86549577292
59779.773755837035
55309.09004283942
63850.982852960915
68230.69331452157
84828.17485846662
66761.94619038762
73667.87431086854
65439.34565310269
65248.231727669685
68640.21002212289
66537.84470141094
64813.509292081
64523.51676455573
75158.92972432153
57075.11978709926
64223.69089179461
71376.50372672608
74942.5519955505
68913.37074277192
63388.126129000746
69771.04959423498
70419.26598844276
69082.09185345456
83726.94634578249
66843.25836243067
61247.938798070434
67050.75329399495
67735.52867235919
72052.85754531529
56980.007059746276
64315.216416688854
5007152.166373326
1676734.0618112565
13915782.780619994
18038262.40763368
12498645.444060482
12247193.03119963
1556809323.8555071
3467272674.6335387
3677399107.551049
4596724727.4544325
3371713410.019314
1605760765.4946425
1554628921.9828959
1739913127.237739
1642883415.9841328
2237840735.1177917
2137402259.412572
2003945561.0826452
1920234499.7926848
1724421905.170739
1562583209.9269643
1559280788.9179087
2042307921.8456926
2210519921.638251
2412037758.2210655
6442985078.516562
8371565584.636831
6770125455.687936
5337191638.082176
4615600933.509583
3487546118.5235167
3268126711.2112627
2016159121.491548
867737816.0835451
92561903.70232981
72512593.93613338
266939903.47387138
1887037934.9801002
2118147698.9454353
1449984812.858096
1383448044.6128352
1530996997.0183327
788571414.1022586
513777766.9931361
63568010.61529801
23007926.176070094
3197602.850629995
14473756.40619444
83537902.9808932
84393633.99525282
86830008.2636318
4585310942.238027
8495708557.492229
8309669582.637269
7267468503.261221
6241106099.397411
1999467583.44234
319327456.6668146
86426404.33014679
22279836.30924652
11640702.866022442
13259584.316809151
6569665.141229776
62047067.95123333
2180905842.55562
2619429397.613828
2488673803.1904855
1924721773.084583
1083708550.8533227
1483324414.0490203
1283849110.1180732
346594207.21598756
36871841.06767384
32188400.224070475
773664590.3975633
1995075507.953782
3747305342.602262
3699270078.476247
1774955477.064919
269198584.19346124
9764955.503866099
23111573.76952117
592463481.6709938
2015494730.7305112
2686595619.0532565
2807886639.272238
2973460506.260993
1788349440.1352544
1224041157.8491027
476518395.0295012
50719031.783001274
16293337.621802844
178071611.30378088
2144558620.4903975
2849354363.900189
2158193662.050429
1733007310.4762478
1572203548.5019772
1448013290.72194
996705735.8298572
870758292.5879639
831370570.4002324
1045018192.6145768
1476318691.328399
2255997996.129744
2542100069.5232034
2311358682.3877144
3271696854.299738
5463157857.474898
8092482882.128231
7547790886.455772
5411573934.637317
2571445685.58902
1082582877.0511734
90810583.05575721
36316888.717772
11066475.317180535
29257865.60891624
135533039.31681448
221421448.4490756
58311610.2822566
1448350226.0520122
3345660352.227004
3632724346.7663126
3098169681.2637877
2421935238.784111
676372912.330528
495109349.8783235
488252826.8922627
688622903.4413185
2001697640.5316298
2873542809.026259
2192000573.0765805
2691787942.528374
2298729529.861427
1869577129.4501314
1522208502.2296739
1489881238.9929512
868509365.8781894
680900437.76339
733675644.5004572
387908794.42710376
217289207.2678029
205312959.71796325
397627703.0893895
800806063.2394196
1370814905.4463196
1621013920.168316
859525364.784545
220126869.17776445
127950576.35646842
628080675.8832102
5671909457.574523
8493262476.34739
4025577668.468664
3213992933.004528
2731128951.0383015
890293841.7790662
212443735.71956584
71633113.00800942
39955075.68761719
149436224.70995674
2520299508.985335
2403123527.4002795
2718902395.626363
2571802228.174784
2023515945.4539297
1618801179.405438
708280868.9894046
459435914.9723723
432135476.5900096
425044759.0465566
265249527.5456786
54686950.40261981
27586203.777390007
25840026.434453335
68716850.41333012
204374304.9957829
347633217.1714967
391555478.65814984
474211518.80909663
461346070.590639
219899771.90266922
81781152.48370698
39855670.54490182
43260797.29819333
35219154.9849743
18262306.328977466
20318819.70731616
9548210.88259257
359117309.50610197
813338987.8041271
1065479810.9913987
1186847024.8039265
975337302.6353495
843572712.7543062
372699046.2565226
123418344.2309808
26905531.32402813
6283265.777223197
1559888.431037401
9266463.052515779
73471326.6408186
1188494107.4007757
1586105276.907231
2918547908.1701646
3850528199.2483234
3806421207.6520376
2800337276.9457903
1830623380.748943
1036266384.5238576
592300030.8866303
230101726.89585337
23507351.856756918
14566198.486864774
50836108.10315044
17302816.073209275
8036564.454862401
37874230.5674648
292147511.53529906
215169054.00875258
51474783.36823074
15201959.341242565
3493260.542077256
1152675.0572593603
464949652.6225136
898895039.6642327
668580313.3942391
646991811.1428198
701331868.044404
1278242022.140957
1695072246.491212
1499681114.2983563
554681290.3396113
29888321.39960572
6339836.06568967
27713302.439393003
100401598.87253079
19291479.735472683
19209310.644109614
28699441.170188732
48165601.39328908
407004834.3485456
456984175.98306155
660037710.5065206
330341011.0342324
64830048.69392645
19546294.784168154
12389413.41392155
3304292.7816416984
1267648.9304766406
389953.46054930455
371599.3324211908
290007.7370306143
189651.53106419658
242129.23510074173
202960.77300402898
187948.28941898522
234249.41871837634
197867.73292075354
249272.6336422647
393348.6680193694
831567.1416759453
480569.81297472975
378703.38747906516
720618.678553752
311098.0508802554
348648.1218265911
253936.90548798582
266019.83416752104
360033.22261422477
363967.3307620278
237833.57016227892
306706.6673576668
288293.65431356285
248887.2368877777
265289.97836593597
266393.81529405905
267917.47370064305
312534.8270946087
285232.39584000583
216780.5578386357
123205.28225218743
247916.58791685328
225422.03810388903
216897.4479171925
200299.41685542878
397279.38677838515
309440.8377235098
1067212.0623879326
365115.57952696265
267464.52853249194
1500017.870667999
425434.5916500688
360588.90664038056
311181.2748833214
299885.1404256464
171100.2778305023
172645.15411847236
