371682.51801746374
301057.1768989862
218610.9024216477
290061.83210797695
259905.1046345872
447630.50314275286
320655.8248126037
404634.2520169827
358877.1309167816
307318.6896094281
196933.55516793183
207499.2179220303
416422.36652544484
474108.3846747392
211639.64923887537
313992.03477070754
324584.9101213139
234402.9799669683
401470.28744808043
325790.58608902444
245254.55318569415
332201.24725358165
376307.5424814628
406658.9102761649
377466.6459004845
301832.61738137476
2980397.094289596
337723.7883652639
389266.5494425518
403440.5638218889
362123.92438928917
346188.48369067785
334426.0203028335
439005.95473136415
401417.87704889744
915431.2147281975
404750.5570443865
474101.5210918269
230166.3071491144
311294.35783801845
393386.8493836836
594406.0125929379
446243.98701630865
426753.38960916916
424641.99436376436
372230.44227013446
261856.4184703829
620878.026154636
566027.031669983
378596.45839258307
461299.6148234768
453644890.8293607
2221072162.4363914
7268683682.434124
4778127542.251063
3200308040.479388
1992090557.2049108
1325616958.8987248
364905922.86527157
107531079.40631206
100079820.14578314
203116200.70002967
92076338.43958278
85467031.83130723
84578639.66070059
36830733.29917896
1675238032.5673199
4201907458.8810697
10145756944.501585
5141679359.412573
3677306322.325894
833660956.8123074
27079125.179635044
4864620.206278547
5270900.073662855
21813983.09560649
41411476.449705794
47685962.52231353
59765646.664490335
854226684.1627975
3492628595.895864
5403374956.775087
6461877296.229479
1926904747.7581596
1131729784.6296327
462015090.25708544
348943439.92734945
138966797.04627395
44499600.91044324
25884083.98861554
16459484.37739795
4437048.591904631
40464856.76917196
103823785.1684798
43449734.4889858
96104933.87661411
143248135.7022078
66643820.00585337
78935465.99222428
35643975.68263929
10159122.462750874
786155349.6356952
664807431.2519636
565841956.8002491
925877382.8007238
1020464075.9093834
677205885.3614075
652010554.593553
432320706.41741395
317565848.64147377
286373021.8345119
227153448.68752456
172043661.122626
63981213.33570025
1517153.1776451117
207330061.7958889
74820120.06841992
2856717448.4737253
5178348331.960523
7371401390.27397
6821467735.359546
2343827635.580724
1234520637.1362097
179974031.96062225
90231640.3447739
89002554.41049306
44000584.21834179
1102732.6905268875
786706.8997033031
1359310.5566003835
798810.1461767474
254237.70365935485
361082.47235394357
180372.43990713023
244356.41703708904
196161.90257490647
186679.78968371943
152695.12539054945
370893.4893433979
300575.57357126364
669595.1020725815
769809.3284431325
753157.2813000971
794891.4675428211
606197.2122288225
506204.08517104073
316339.28244116984
437123.5926079432
253425.01907708572
255159.9657251193
273069.79655812366
203167.2997079632
248799.59953706048
209937.70370663167
375683.02939969924
264085.1088207121
235396.08406826068
207124.599737135
15796530.54223104
352719027.01504076
2148768482.291813
3481588651.82485
1037337408.8993458
507709652.4298625
184904039.15929732
163401248.02665836
111399242.41721892
98054502.33953002
73491603.68821059
52855694.42127193
25412325.54610498
22225452.10525827
178154066.45715392
111512710.99474892
228174966.1295471
199374347.88665643
124570728.30828686
63296185.19782728
33101579.886989962
1194340687.7685413
1370436546.3910491
910062784.9341627
564656254.7340099
375140642.93678796
258635889.34494334
201845949.21382764
121018982.61943881
56571056.70434902
22851301.79722512
53054887.35927017
107953166.81856345
93124520.08182937
77401955.95638146
156624523.8755623
25997746.269229945
102505470.73289853
792380483.131819
878400621.9978153
70506375.17675921
1298939.2332533894
743937.3582674715
23875784.453968894
17096965.566021007
73689565.77343093
137145155.04196024
99502702.28618674
1540644618.4762735
2603609040.417586
1396614703.5049195
307698094.6975556
18869652.00730487
2631820.338665399
172719142.64736304
782550052.5307955
1311157409.43996
287914091.6129172
488824224.4785278
196311509.58890995
75346853.66271508
74850966.75588298
70374619.14040373
123184027.66344923
307984140.216395
717400834.4339905
480066173.86545223
28815180.967161004
927715.5979829897
594821.041300625
84409777.91695616
16499945.667437334
598085682.4303908
292619936.2631038
60000534.74742723
48501641.877733074
12348294.79820361
6225514.965173666
9824357.727938436
447954.7408656586
310049.92747241474
270226.4099500155
261618.6847389406
8871148.967145437
126861589.12600599
428140845.2746781
105232225.37370168
95112850.69004433
42727083.22597301
8121159.371600194
15117871.466959935
303685011.0756936
276820642.5673621
186696954.97608566
213020658.83818474
92594895.6784553
19195702.88732644
7266253.3452880485
27624604.62127274
168909260.0141414
123595855.0602638
90089266.52039176
132927088.51513316
36311322.43419261
1391460203.683428
958115575.7053257
39817002.646236196
82117452.14352004
21915609.70358812
6877148.402335311
1907440.9954733746
313939.3925452967
242054.3503879448
283641.88186694816
234935.22060786356
186631.43670023402
249153.08027391092
235132.22196762843
264493.8382387435
271058.12385168095
168215.31526265742
172468.87627318254
179278.30190017773
166940.38921972402
227020.4172200587
185753.85542313327
192984.42510378113
222321.9400016395
272040.87032334786
243599.6456433463
214701.07239788282
252362.7363010299
203241.44560702847
230853.21408086544
362142.713934233
161640.9565261792
337730.8791440582
210308.49010222903
333610.75940393197
149517.85107432655
128251.19852315636
165414.66616763105
228621.71531031415
194935.5749259253
220811.4878107929
304851.2520551793
327918.2488986404
295668.68803283724
163075.7921427266
204127.74486330757
245774.69384436472
175931.90180411626
186342.43091020995
238809.0924640088
225350.67514787655
236561.90060005727
250330.95557775753
186250.09778220986
215923.1196037585
159181.17565517765
263163.070274772
317375.35107353644
287862.9435796456
229509.55442873234
163996.26346886405
221995.07803212487
275722.3072316551
308243.81117709586
220963.9018014252
256914.36041048472
