911827.1462276855
1300657.035645029
434654.4982777511
710095.439584422
793510.6866036153
914605.2125306863
745621.2433871318
1286480.9275896766
1038572.0946317483
1394459.0817085472
996932.6938119372
837637.5290182146
824615.1781247789
2386882.217542613
7101816.109943352
2003301.058307914
2904201.996883946
2731613.9022788038
4866131.747104034
6302371.301462422
9845062.138239477
9912766.705334414
9416135.272522043
4172135.9561504987
1583242.8999152388
903034.2831438144
1033680.7780065623
1062747.2437735088
16700384.065886397
870640009.2927406
2360033841.0612273
3599687866.8253226
3150274053.503875
4423157693.069258
4159315874.2999535
3257992977.4396276
4337267431.249131
3116893619.278925
4070133460.7528963
2587626523.194129
2015178510.973965
3204027041.231704
3934457393.953583
3260150349.5994673
4314769928.6912365
3639536232.803815
3233232967.7202077
3406689634.7633805
1348191708.7575545
1260573817.4236193
1099607457.931646
379298653.7918469
42076946.4469603
18155995.594528932
9037142.445623223
9655150.765395293
6647049.015798758
3160109508.3926835
4453179252.00961
3865922976.0039964
2075651251.8149457
1140505963.8763502
1524151431.1499376
1403240318.2935324
908682576.664837
661780663.0080091
312012397.3975972
45645653.24389898
53228767.24952221
1221889356.2177052
1131257965.6153486
597779467.3573898
144633189.6772674
10542528.224104732
7286175.4419467775
9868369.511978121
9381706.423445543
4126352518.609202
3530568559.4873815
4925727581.944261
6663533495.185544
5334544573.389156
5976167087.193281
3788266871.095853
1268839711.773085
292386363.8412892
150967005.1288776
25698977.345561024
11681751.322032183
10137301.922116164
9521555.279174622
11391019.131805984
8486170.558840662
324626327.4266748
691848059.2302905
574244100.2168773
258840663.44569522
126034572.71107319
86387589.20222877
17107993.9346874
54221005.073586136
45017168.17142197
14203692.293220624
45328106.78087564
46433502.14719371
97450150.05518284
7987189.338227875
18997388.745679267
4851467.744252481
2633945.8236936876
16225676.002426239
13617413.120019758
1343380742.7691345
1704506643.9587846
1211083227.3849673
471101881.83515304
856442583.7437334
857234015.1812726
1037519888.5312533
1164668462.812705
1115052087.1031518
817466276.3814828
401593952.4530679
62431655.80287617
30527126.27712595
22208634.87470636
18876613.180897206
843892285.5641799
804261780.5013304
779489144.707475
560101182.0136868
450050888.5228376
162798112.18793455
132421330.74758479
78756490.52397285
26522486.256846126
33979769.462291256
297986593.43950045
329179829.43766755
249863970.792317
222866789.1380546
258928035.60248077
141359056.81927544
30365965.0220069
2975208.289196174
7220408.090473377
4736865.763768139
41729761.52915453
25468827.36107367
166257122.3721789
665090859.3883506
2699357620.7745
2454877551.07624
1310115926.1993935
922983650.7745674
806136888.1821991
537047000.0440657
583548212.8007098
496241397.11161387
165444898.54301807
70130738.39495203
19385430.203395765
3274256.454329557
1899020.1896346447
1792343.2883403825
1652880.927518675
1122450.8600595589
1814951.7266990612
1595206.8293497434
1033512.7167641176
1110945.6704004162
1236840.7567721035
899399.6688252691
552840.1083637025
1019868.7738246471
633453.7742466396
856605.500536207
678509.8493904197
1043147.2857940447
1121438.5462116578
1136649.4040069878
1539535.9923363982
638320.8594222869
1233451.1774582611
719314.4523549133
1338427.1060747171
836629.2752965007
420581.1464975512
